1: 3, 7, 10, 12, 17, 21, 24, 26, 37, 40, 48, 56, 57, 67, 71, 85, 86, 87, 93, 95, 118, 122, 126, 129, 132, 134, 137, 144, 145, 148, 149, 153, 159
2: 131
3: 1, 7, 10, 12, 17, 21, 26, 37, 40, 48, 56, 57, 64, 72, 87, 93, 95, 101, 118, 123, 129, 132, 137, 144, 145, 149, 153, 159
4: 30, 31, 36, 103, 104
5: 24, 46, 70, 71, 91, 134
6: 33, 94
7: 1, 3, 10, 12, 17, 21, 24, 26, 37, 40, 48, 56, 57, 62, 64, 67, 72, 85, 87, 91, 93, 95, 101, 116, 118, 123, 129, 132, 137, 144, 145, 148, 149, 153, 159
8: 11, 28, 29, 35, 147, 157
10: 1, 3, 7, 12, 17, 21, 37, 40, 41, 48, 56, 57, 67, 87, 93, 95, 108, 118, 123, 132, 137, 144, 145, 149, 153, 159
11: 8, 16, 29, 123, 147, 157
12: 1, 3, 7, 10, 17, 21, 24, 26, 37, 40, 48, 56, 57, 64, 67, 85, 86, 87, 91, 93, 94, 95, 116, 118, 123, 126, 129, 132, 134, 137, 144, 145, 149, 153, 159
13: 30, 36, 43, 49, 92, 104, 118, 124
14: 67, 68, 85, 148
16: 11, 28, 56, 90, 91, 147, 157
17: 1, 3, 7, 10, 12, 21, 24, 26, 37, 40, 48, 56, 57, 64, 67, 85, 86, 87, 91, 93, 94, 95, 118, 123, 129, 132, 134, 137, 144, 145, 149, 153, 159
18: 24, 46, 55, 70, 71, 134
19: 20, 72, 108, 111, 114, 153
20: 19, 72, 108, 111, 114, 153
21: 1, 3, 7, 10, 12, 17, 24, 26, 37, 40, 48, 56, 57, 67, 87, 93, 95, 118, 119, 123, 132, 137, 144, 145, 149, 153, 159
22: 105, 107, 140
23: 88
24: 1, 5, 7, 12, 17, 18, 21, 46, 48, 55, 57, 70, 71, 87, 93, 95, 118, 134, 137, 144, 149
26: 1, 3, 7, 12, 17, 21, 37, 40, 48, 57, 87, 91, 93, 95, 118, 129, 132, 144, 145, 149, 153
28: 8, 16, 29, 90, 119, 147, 157
29: 8, 11, 28, 35
30: 4, 13, 34, 41, 92, 104, 110, 124
31: 4, 69, 158
32: 53, 106, 117
33: 6, 94, 102
34: 30, 41, 80
35: 8, 29, 123
36: 4, 13
37: 1, 3, 7, 10, 12, 17, 21, 26, 40, 48, 56, 57, 64, 67, 72, 87, 91, 93, 95, 118, 123, 129, 132, 137, 144, 145, 149, 153, 159
39: 48, 54, 61, 62, 64, 85, 86, 87, 95, 116, 122, 126, 137, 148
40: 1, 3, 7, 10, 12, 17, 21, 26, 37, 48, 57, 62, 87, 93, 95, 118, 129, 132, 137, 144, 145, 149, 153
41: 10, 30, 34, 80, 92, 104, 124
42: 63, 110, 115, 146
43: 13, 49, 92, 104, 124
44: 47, 96, 98, 106, 130, 131
45: 53
46: 5, 18, 24, 70, 71, 134
47: 44
48: 1, 3, 7, 10, 12, 17, 21, 24, 26, 37, 39, 40, 56, 57, 62, 67, 85, 87, 93, 95, 116, 118, 123, 124, 132, 134, 137, 144, 145, 149, 153, 159
49: 13, 43, 92, 104, 124
50: 120, 130
51: 96, 131, 142, 143
52: 82
53: 32, 45, 106, 120
54: 39, 62, 73, 86, 126, 127
55: 18, 24, 71, 134
56: 1, 3, 7, 10, 12, 16, 17, 21, 37, 48, 57, 67, 87, 91, 93, 95, 118, 132, 137, 144, 145, 149, 153, 157, 159
57: 1, 3, 7, 10, 12, 17, 21, 24, 26, 37, 40, 48, 56, 64, 67, 86, 87, 91, 93, 95, 118, 129, 132, 137, 144, 145, 149, 153, 159
58: 61, 62, 116
60: 85, 122, 126
61: 39, 58, 62, 86
62: 7, 39, 40, 48, 54, 58, 61, 64, 73, 85, 86, 87, 95, 116, 126, 137, 144, 148, 149
63: 42, 110, 115, 133, 146
64: 3, 7, 12, 17, 37, 39, 57, 62, 86, 87, 95, 101, 116, 118, 126, 129, 145, 149
66: 77, 99
67: 1, 7, 10, 12, 14, 17, 21, 37, 48, 56, 57, 87, 93, 94, 95, 118, 119, 123, 132, 134, 137, 144, 145, 149, 157, 159
68: 14, 85, 95, 116, 127, 129, 137, 138, 148
69: 31, 154, 158
70: 5, 18, 24, 46, 71, 134
71: 1, 5, 18, 24, 46, 55, 70, 134
72: 3, 7, 19, 20, 37, 87, 93, 108, 114, 118
73: 54, 62, 126
77: 66, 136
78: 155
80: 34, 41
81: 126, 138
82: 52
85: 1, 7, 12, 14, 17, 39, 48, 60, 62, 68, 93, 95, 116, 118, 126, 127, 129, 134, 137, 138, 144, 148, 149
86: 1, 12, 17, 39, 54, 57, 61, 62, 64, 87, 93, 95, 116, 122, 126, 129
87: 1, 3, 7, 10, 12, 17, 21, 24, 26, 37, 39, 40, 48, 56, 57, 62, 64, 67, 72, 86, 91, 93, 94, 95, 118, 123, 129, 132, 134, 137, 144, 145, 149, 153, 159
88: 23
90: 16, 28, 147
91: 5, 7, 12, 16, 17, 26, 37, 56, 57, 87, 93, 95, 118, 144, 157
92: 13, 30, 41, 43, 49, 104, 106, 124
93: 1, 3, 7, 10, 12, 17, 21, 24, 26, 37, 40, 48, 56, 57, 67, 72, 85, 86, 87, 91, 95, 116, 118, 129, 132, 134, 137, 144, 145, 149, 153, 159
94: 6, 12, 17, 33, 67, 87, 95, 119, 123, 132, 134, 137, 157, 159
95: 1, 3, 7, 10, 12, 17, 21, 24, 26, 37, 39, 40, 48, 56, 57, 62, 64, 67, 68, 85, 86, 87, 91, 93, 94, 116, 118, 123, 126, 129, 132, 134, 137, 144, 145, 148, 149, 153, 159
96: 44, 51, 106, 131
97: 133, 146
98: 44
99: 66
101: 3, 7, 64, 116, 118, 129
102: 33
103: 4
104: 4, 13, 30, 41, 43, 49, 92, 110, 124
105: 22, 107, 140
106: 32, 44, 53, 92, 96, 131
107: 22, 105, 121, 140
108: 10, 19, 20, 72, 111, 114, 123, 153
110: 30, 42, 63, 104, 115, 146
111: 19, 20, 108, 114, 123, 141
112: 126, 128
113: 121
114: 19, 20, 72, 108, 111
115: 42, 63, 110
116: 7, 12, 39, 48, 58, 62, 64, 68, 85, 86, 93, 95, 101, 118, 126, 129, 138, 144, 148, 149
117: 32
118: 1, 3, 7, 10, 12, 13, 17, 21, 24, 26, 37, 40, 48, 56, 57, 64, 67, 72, 85, 87, 91, 93, 95, 101, 116, 123, 126, 129, 132, 137, 144, 145, 149, 153, 159
119: 21, 28, 67, 94, 132, 159
120: 50, 53
121: 107, 113
122: 1, 39, 60, 86, 126, 128
123: 3, 7, 10, 11, 12, 17, 21, 35, 37, 48, 67, 87, 94, 95, 108, 111, 118, 132, 137, 144, 145, 149, 153, 159
124: 13, 30, 41, 43, 48, 49, 92, 104
126: 1, 12, 39, 54, 60, 62, 64, 73, 81, 85, 86, 95, 112, 116, 118, 122, 128, 129, 148
127: 54, 68, 85, 129, 137, 145, 148, 159
128: 112, 122, 126
129: 1, 3, 7, 12, 17, 26, 37, 40, 57, 64, 68, 85, 86, 87, 93, 95, 101, 116, 118, 126, 127, 138, 144, 145, 148, 149
130: 44, 50
131: 2, 44, 51, 96, 106
132: 1, 3, 7, 10, 12, 17, 21, 26, 37, 40, 48, 56, 57, 67, 87, 93, 94, 95, 118, 119, 123, 134, 137, 144, 145, 149, 153, 159
133: 63, 97, 146
134: 1, 5, 12, 17, 18, 24, 46, 48, 55, 67, 70, 71, 85, 87, 93, 94, 95, 132, 137, 144
136: 77
137: 1, 3, 7, 10, 12, 17, 21, 24, 37, 39, 40, 48, 56, 57, 62, 67, 68, 85, 87, 93, 94, 95, 118, 123, 127, 132, 134, 144, 145, 148, 149, 153, 159
138: 68, 81, 85, 116, 129, 148
140: 22, 105, 107
141: 111
142: 51
143: 51
144: 1, 3, 7, 10, 12, 17, 21, 24, 26, 37, 40, 48, 56, 57, 62, 67, 85, 87, 91, 93, 95, 116, 118, 123, 129, 132, 134, 137, 145, 148, 149, 153
145: 1, 3, 7, 10, 12, 17, 21, 26, 37, 40, 48, 56, 57, 64, 67, 87, 93, 95, 118, 123, 127, 129, 132, 137, 144, 149, 153, 159
146: 42, 63, 97, 110, 133
147: 8, 11, 16, 28, 90, 157
148: 1, 7, 14, 39, 62, 68, 85, 95, 116, 126, 127, 129, 137, 138, 144, 149
149: 1, 3, 7, 10, 12, 17, 21, 24, 26, 37, 40, 48, 56, 57, 62, 64, 67, 85, 87, 93, 95, 116, 118, 123, 129, 132, 137, 144, 145, 148, 153, 159
153: 1, 3, 7, 10, 12, 17, 19, 20, 21, 26, 37, 40, 48, 56, 57, 87, 93, 95, 108, 118, 123, 132, 137, 144, 145, 149
154: 69
155: 78
157: 8, 11, 16, 28, 56, 67, 91, 94, 147
158: 31, 69
159: 1, 3, 7, 10, 12, 17, 21, 37, 48, 56, 57, 67, 87, 93, 94, 95, 118, 119, 123, 127, 132, 137, 145, 149
edgeCount: 1398
