0: 0
1: 3, 7, 10, 12, 17, 21, 26, 37, 40, 48, 56, 57, 67, 85, 86, 87, 93, 95, 118, 126, 129, 132, 137, 144, 145, 149, 153, 159
2: 131
3: 3
4: 30, 31, 103, 104
5: 24, 46, 70, 71, 91, 134
6: 6
7: 3, 10, 12, 17, 26, 37, 40, 48, 56, 62, 64, 67, 72, 87, 91, 95, 101, 118, 123, 129, 132, 137, 145, 149, 153, 159
8: 11, 29, 35, 147
9: 9
10: 3, 37, 41, 108, 123, 145, 153
11: 11
12: 3, 10, 37, 40, 56, 64, 123, 145, 153
13: 30, 43, 49, 92, 104, 118, 124
14: 67, 68, 85, 148
15: 15
16: 11, 28, 56, 91, 147, 157
17: 3, 7, 10, 12, 26, 37, 40, 48, 56, 64, 67, 87, 91, 94, 95, 118, 123, 129, 132, 137, 145, 149, 153, 159
18: 24, 46, 55, 70, 71, 134
19: 108, 114, 153
20: 19, 108, 111, 114, 153
21: 3, 7, 10, 12, 17, 26, 37, 40, 48, 56, 57, 67, 87, 93, 95, 118, 119, 123, 132, 137, 144, 145, 149, 153, 159
22: 105, 107, 140
23: 88
24: 1, 5, 7, 12, 17, 18, 21, 46, 48, 55, 57, 70, 71, 87, 93, 95, 118, 134, 137, 144, 149
25: 25
26: 3, 7, 12, 17, 37, 40, 48, 87, 91, 95, 118, 129, 132, 145, 149, 153
27: 27
28: 8, 16, 29, 119, 147, 157
29: 8, 11, 35
30: 13, 34, 41, 92, 104, 124
31: 69, 158
32: 53, 106, 117
33: 6
34: 41, 80
35: 8, 29, 123
36: 4, 13
37: 3, 64, 145, 153
38: 38
39: 48, 54, 62, 64, 87, 95, 126, 137
40: 3, 10, 37, 145, 153
41: 10, 34, 80
42: 63, 110, 115, 146
43: 43
44: 47, 96, 98, 106, 130, 131
45: 53
46: 5, 18, 24, 70, 71, 134
47: 47
48: 3, 7, 10, 12, 17, 26, 37, 40, 56, 62, 67, 87, 95, 118, 123, 124, 132, 137, 145, 149, 153, 159
49: 43
50: 130
51: 96, 131, 142, 143
52: 82
53: 32, 45, 106, 120
54: 62, 127
55: 18, 24, 71, 134
56: 3, 10, 37, 145, 153
57: 3, 7, 10, 12, 17, 26, 37, 40, 48, 56, 64, 67, 87, 91, 95, 118, 129, 132, 137, 145, 149, 153, 159
58: 62
59: 59
60: 85, 122, 126
61: 39, 58, 62
62: 40, 64
63: 42, 110, 115, 133, 146
64: 3, 101
65: 65
66: 77, 99
67: 7, 10, 12, 17, 37, 48, 56, 87, 94, 95, 118, 119, 123, 132, 137, 145, 149, 157, 159
68: 14, 85, 95, 116, 127, 129, 137, 138, 148
69: 31, 158
70: 5, 18, 24, 46, 71, 134
71: 1, 5, 18, 24, 46, 55, 70, 134
72: 3, 19, 20, 37, 108, 114
73: 54, 62
74: 74
75: 75
76: 76
77: 136
78: 78
79: 79
80: 80
81: 126
82: 82
83: 83
84: 84
85: 7, 12, 17, 39, 48, 62, 93, 95, 116, 118, 126, 127, 129, 137, 144, 149
86: 12, 17, 39, 54, 57, 61, 62, 64, 87, 93, 95, 126, 129
87: 3, 10, 12, 37, 40, 56, 62, 64, 72, 123, 129, 132, 145, 153
88: 23
89: 89
90: 16, 28, 147
91: 7, 12, 16, 17, 26, 37, 56, 87, 95, 118, 157
92: 13, 30, 41, 43, 49, 104, 124
93: 3, 7, 10, 12, 17, 26, 37, 40, 48, 56, 57, 67, 72, 87, 91, 95, 118, 129, 132, 137, 144, 145, 149, 153, 159
94: 6, 12, 17, 33, 67, 87, 95, 119, 123, 132, 137, 157, 159
95: 3, 7, 10, 12, 17, 26, 37, 40, 48, 56, 62, 64, 67, 87, 91, 94, 118, 123, 129, 132, 137, 145, 149, 153, 159
96: 96
97: 133, 146
98: 44
99: 99
100: 100
101: 3
102: 33
103: 103
104: 13, 30, 41, 43, 49, 92, 124
105: 107, 140
106: 92, 96, 131
107: 107
108: 108
109: 109
110: 30, 42, 63, 104, 115, 146
111: 19, 20, 108, 114, 123, 141
112: 128
113: 113
114: 108
115: 42, 63, 110
116: 7, 12, 39, 48, 58, 62, 64, 86, 93, 95, 101, 118, 126, 129, 144, 149
117: 117
118: 3, 7, 10, 12, 13, 17, 26, 37, 40, 48, 56, 64, 67, 72, 87, 91, 95, 101, 123, 129, 132, 137, 145, 149, 153, 159
119: 28, 67, 94, 132, 159
120: 50, 53
121: 107, 113
122: 1, 39, 60, 86, 126, 128
123: 3, 10, 11, 35, 37, 108, 111, 145, 153
124: 13, 30, 41, 43, 48, 49, 92, 104
125: 125
126: 12, 54, 62, 64, 73, 95, 112, 118, 128, 129
127: 127
128: 128
129: 3, 12, 37, 40, 64, 101, 127, 145
130: 130
131: 96
132: 3, 10, 12, 37, 40, 56, 123, 145, 153
133: 63, 97, 146
134: 1, 5, 12, 17, 18, 24, 46, 48, 55, 67, 70, 71, 85, 87, 93, 94, 95, 132, 137, 144
135: 135
136: 136
137: 3, 7, 10, 12, 17, 37, 40, 48, 56, 62, 67, 87, 94, 95, 118, 123, 127, 132, 145, 149, 153, 159
138: 68, 81, 85, 116, 129, 148
139: 139
140: 107
141: 141
142: 142
143: 143
144: 3, 7, 10, 12, 17, 26, 37, 40, 48, 56, 57, 62, 67, 87, 91, 95, 118, 123, 129, 132, 137, 145, 149, 153
145: 3, 64, 127, 153
146: 42, 63, 97, 110, 133
147: 11
148: 1, 7, 14, 39, 62, 68, 85, 95, 116, 126, 127, 129, 137, 138, 144, 149
149: 3, 7, 10, 12, 17, 26, 37, 40, 48, 56, 62, 64, 67, 87, 95, 118, 123, 129, 132, 137, 145, 153, 159
150: 150
151: 151
152: 152
153: 3, 108
154: 69
155: 78
156: 156
157: 8, 11, 16, 28, 56, 67, 91, 94, 147
158: 158
159: 3, 7, 10, 12, 17, 37, 48, 56, 67, 87, 94, 95, 118, 119, 123, 127, 132, 137, 145, 149
edgeCount: 879
