0: 0, 2, 14, 15, 23, 32, 44, 45, 73, 75, 77, 96, 103, 117, 120, 122, 130, 131, 146, 156
1: 1, 3, 4, 5, 7, 10, 12, 13, 14, 16, 17, 18, 21, 24, 26, 27, 30, 32, 36, 37, 39, 40, 42, 43, 46, 48, 49, 53, 55, 56, 57, 60, 62, 63, 64, 67, 68, 71, 72, 85, 86, 87, 91, 92, 93, 94, 95, 101, 104, 106, 108, 110, 114, 115, 116, 118, 119, 122, 123, 124, 126, 127, 128, 129, 132, 134, 137, 138, 144, 145, 148, 149, 153, 157, 159
2: 0, 2, 14, 22, 32, 44, 45, 51, 55, 58, 68, 75, 77, 85, 88, 94, 96, 97, 99, 103, 105, 106, 107, 117, 122, 127, 131, 133, 136, 140, 142, 143, 146, 148, 152
3: 1, 3, 5, 6, 7, 10, 12, 13, 17, 18, 19, 20, 21, 24, 26, 30, 35, 36, 37, 39, 40, 41, 43, 46, 48, 49, 56, 57, 62, 64, 67, 72, 85, 86, 87, 91, 92, 93, 94, 95, 101, 104, 106, 108, 114, 116, 118, 119, 122, 123, 124, 126, 127, 129, 132, 134, 137, 138, 144, 145, 148, 149, 153, 157, 159
4: 1, 4, 5, 7, 9, 12, 13, 16, 17, 21, 22, 23, 26, 27, 28, 30, 31, 32, 34, 36, 37, 41, 43, 48, 49, 56, 57, 66, 67, 69, 74, 76, 77, 80, 87, 88, 90, 91, 92, 93, 94, 95, 99, 103, 104, 105, 107, 110, 118, 119, 124, 132, 136, 137, 140, 144, 146, 147, 154, 157, 158, 159
5: 1, 3, 4, 5, 7, 12, 13, 16, 17, 18, 21, 24, 26, 28, 29, 32, 36, 37, 42, 46, 48, 55, 56, 57, 60, 63, 64, 68, 70, 71, 85, 86, 87, 88, 91, 93, 95, 110, 115, 116, 118, 126, 129, 132, 134, 138, 144, 148, 149, 153, 157
6: 3, 6, 7, 8, 12, 16, 17, 21, 22, 28, 29, 33, 35, 37, 56, 57, 67, 87, 91, 92, 94, 95, 105, 107, 113, 119, 121, 123, 127, 132, 134, 137, 140, 144, 145, 147, 149, 157, 158, 159
7: 1, 3, 4, 5, 6, 7, 10, 12, 13, 14, 16, 17, 18, 19, 20, 21, 24, 26, 28, 30, 36, 37, 39, 40, 43, 46, 48, 49, 54, 56, 57, 61, 62, 64, 67, 68, 72, 78, 81, 85, 86, 87, 91, 92, 93, 94, 95, 101, 104, 106, 108, 114, 116, 118, 119, 122, 123, 124, 126, 127, 129, 132, 134, 137, 138, 144, 145, 148, 149, 153, 157, 159
8: 6, 8, 10, 11, 16, 28, 29, 31, 33, 34, 35, 41, 56, 67, 69, 80, 90, 91, 94, 107, 119, 123, 132, 135, 141, 147, 153, 157, 158
9: 4, 9, 21, 22, 27, 30, 31, 34, 49, 67, 92, 94, 96, 104, 105, 107, 110, 114, 124, 132, 137, 140, 159
10: 1, 3, 7, 8, 10, 11, 12, 13, 17, 18, 19, 20, 21, 24, 26, 29, 34, 35, 37, 39, 40, 41, 46, 48, 56, 57, 62, 64, 67, 72, 86, 87, 92, 93, 95, 101, 104, 108, 111, 118, 123, 124, 129, 132, 134, 137, 144, 145, 149, 153, 159
11: 8, 10, 11, 16, 28, 29, 31, 35, 41, 56, 67, 80, 91, 94, 119, 123, 135, 141, 147, 153, 157
12: 1, 3, 4, 5, 6, 7, 10, 12, 13, 14, 16, 17, 18, 19, 20, 21, 22, 24, 26, 27, 28, 30, 36, 37, 39, 40, 41, 42, 43, 44, 46, 48, 49, 54, 56, 57, 62, 63, 64, 67, 68, 70, 71, 72, 85, 86, 87, 91, 92, 93, 94, 95, 101, 104, 105, 106, 108, 110, 114, 115, 116, 118, 119, 122, 123, 124, 126, 127, 128, 129, 132, 134, 137, 138, 140, 144, 145, 147, 148, 149, 153, 157, 159
13: 1, 3, 4, 5, 7, 10, 12, 13, 16, 17, 21, 22, 26, 27, 30, 31, 32, 34, 36, 37, 40, 41, 42, 43, 44, 45, 46, 47, 48, 49, 53, 56, 57, 63, 64, 67, 69, 72, 86, 87, 91, 92, 93, 95, 98, 99, 101, 103, 104, 105, 106, 110, 115, 116, 118, 119, 121, 124, 126, 129, 130, 132, 137, 139, 140, 144, 145, 146, 149, 153, 154, 157, 158, 159
14: 0, 1, 2, 7, 12, 14, 16, 17, 21, 22, 32, 39, 48, 51, 54, 55, 56, 60, 61, 62, 64, 67, 68, 73, 75, 77, 78, 79, 85, 86, 93, 94, 95, 96, 99, 101, 102, 105, 106, 110, 116, 118, 119, 122, 126, 127, 129, 131, 132, 134, 137, 138, 142, 143, 144, 145, 148, 149, 150, 155, 157, 159
15: 0, 15, 18, 23, 25, 32, 42, 46, 55, 63, 66, 74, 75, 77, 88, 97, 109, 110, 115, 117, 146, 150
16: 1, 4, 5, 6, 7, 8, 11, 12, 13, 14, 16, 17, 21, 22, 26, 28, 29, 30, 31, 33, 36, 37, 48, 49, 56, 57, 67, 69, 70, 77, 79, 87, 90, 91, 93, 94, 95, 99, 103, 104, 105, 118, 119, 124, 127, 132, 136, 137, 140, 144, 145, 147, 149, 154, 157, 158, 159
17: 1, 3, 4, 5, 6, 7, 10, 12, 13, 14, 16, 17, 18, 21, 22, 24, 26, 27, 28, 30, 31, 32, 35, 36, 37, 39, 40, 41, 42, 43, 46, 48, 49, 54, 56, 57, 62, 63, 64, 67, 68, 70, 71, 72, 73, 79, 85, 86, 87, 91, 92, 93, 94, 95, 101, 104, 105, 108, 110, 114, 115, 116, 118, 119, 122, 123, 124, 126, 127, 128, 129, 132, 134, 137, 138, 139, 140, 144, 145, 147, 148, 149, 153, 157, 159
18: 1, 3, 5, 7, 10, 12, 15, 17, 18, 21, 24, 26, 37, 39, 40, 42, 44, 46, 48, 55, 57, 61, 62, 63, 64, 70, 71, 81, 83, 85, 93, 95, 98, 101, 106, 109, 110, 112, 115, 116, 118, 122, 123, 126, 128, 129, 133, 134, 137, 138, 144, 145, 146, 148, 149, 153
19: 3, 7, 10, 12, 19, 20, 26, 35, 37, 40, 41, 72, 83, 87, 93, 95, 108, 111, 114, 118, 123, 141, 153
20: 3, 7, 10, 12, 19, 20, 26, 37, 40, 41, 72, 83, 108, 111, 114, 118, 123, 141, 153
21: 1, 3, 4, 5, 6, 7, 9, 10, 12, 13, 14, 16, 17, 18, 21, 22, 24, 26, 27, 28, 30, 31, 35, 36, 37, 39, 40, 41, 42, 43, 46, 48, 49, 54, 55, 56, 57, 61, 64, 67, 68, 69, 71, 72, 78, 79, 85, 86, 87, 90, 91, 92, 93, 94, 95, 101, 104, 105, 108, 114, 115, 116, 118, 119, 122, 123, 124, 126, 127, 129, 132, 134, 137, 138, 140, 144, 145, 147, 148, 149, 153, 154, 155, 157, 159
22: 2, 4, 6, 9, 12, 13, 14, 16, 17, 21, 22, 25, 27, 30, 31, 33, 34, 36, 43, 49, 51, 56, 67, 68, 69, 76, 92, 94, 95, 96, 97, 104, 105, 107, 110, 113, 119, 121, 124, 131, 132, 137, 140, 142, 143, 144, 146, 150, 152, 154, 157, 158, 159
23: 0, 4, 15, 23, 25, 31, 42, 55, 63, 66, 69, 70, 74, 75, 77, 88, 97, 103, 110, 115, 133, 136, 146, 154, 158
24: 1, 3, 5, 7, 10, 12, 17, 18, 21, 24, 37, 39, 40, 42, 44, 46, 48, 54, 55, 56, 57, 61, 62, 63, 64, 67, 68, 70, 71, 73, 81, 83, 85, 86, 87, 92, 93, 95, 104, 106, 110, 115, 116, 118, 122, 123, 124, 126, 128, 129, 132, 134, 137, 138, 144, 145, 146, 148, 149, 153, 159
25: 15, 22, 23, 25, 32, 51, 63, 66, 76, 77, 88, 97, 99, 105, 106, 107, 109, 110, 115, 121, 131, 133, 134, 146, 150, 151
26: 1, 3, 4, 5, 7, 10, 12, 13, 16, 17, 18, 19, 20, 21, 26, 28, 30, 36, 37, 40, 43, 46, 48, 49, 56, 57, 64, 67, 72, 85, 86, 87, 91, 92, 93, 94, 95, 101, 104, 114, 116, 118, 119, 123, 124, 126, 129, 132, 137, 144, 145, 149, 153, 157, 159
27: 1, 4, 9, 12, 13, 17, 21, 22, 27, 30, 31, 32, 34, 36, 37, 40, 42, 43, 48, 49, 56, 57, 63, 67, 87, 92, 93, 94, 95, 104, 105, 106, 110, 124, 132, 134, 137, 139, 140, 143, 144, 146
28: 4, 5, 6, 7, 8, 11, 12, 16, 17, 21, 26, 28, 29, 30, 31, 33, 35, 36, 37, 48, 56, 57, 66, 67, 69, 70, 74, 77, 87, 90, 91, 93, 94, 95, 118, 119, 124, 132, 137, 141, 144, 145, 147, 149, 154, 157, 158, 159
29: 5, 6, 8, 10, 11, 16, 28, 29, 33, 35, 69, 80, 90, 91, 119, 123, 141, 147, 153, 157, 158
30: 1, 3, 4, 7, 9, 12, 13, 16, 17, 21, 22, 26, 27, 28, 30, 31, 32, 34, 36, 37, 40, 41, 42, 43, 48, 49, 53, 56, 57, 63, 64, 67, 69, 76, 79, 80, 87, 91, 92, 93, 94, 95, 96, 103, 104, 105, 106, 107, 110, 115, 118, 119, 124, 129, 132, 136, 137, 139, 140, 143, 144, 145, 146, 147, 149, 150, 154, 157, 158, 159
31: 4, 8, 9, 11, 13, 16, 17, 21, 22, 23, 27, 28, 30, 31, 33, 34, 36, 41, 43, 49, 56, 57, 66, 67, 69, 74, 76, 77, 79, 80, 87, 88, 90, 91, 92, 94, 96, 97, 99, 103, 104, 105, 107, 110, 113, 115, 119, 121, 124, 132, 136, 137, 140, 142, 143, 147, 150, 154, 157, 158, 159
32: 0, 1, 2, 4, 5, 13, 14, 15, 17, 25, 27, 30, 32, 36, 38, 39, 42, 43, 44, 45, 46, 47, 49, 51, 53, 56, 57, 63, 64, 66, 68, 73, 77, 79, 82, 85, 86, 87, 91, 92, 93, 96, 98, 99, 101, 103, 104, 106, 110, 112, 115, 116, 117, 118, 124, 126, 129, 130, 131, 134, 136, 138, 139, 143, 144, 146, 148
33: 6, 8, 16, 22, 28, 29, 31, 33, 67, 69, 76, 90, 94, 102, 105, 107, 113, 119, 121, 132, 137, 140, 142, 147, 157, 158
34: 4, 8, 9, 10, 13, 22, 27, 30, 31, 34, 35, 41, 56, 67, 76, 80, 92, 97, 104, 105, 107, 110, 123, 124, 137, 140, 143, 146, 150, 153
35: 3, 6, 8, 10, 11, 17, 19, 21, 28, 29, 34, 35, 37, 41, 56, 67, 87, 91, 119, 123, 132, 141, 144, 147, 153, 157
36: 1, 3, 4, 5, 7, 12, 13, 16, 17, 21, 22, 26, 27, 28, 30, 31, 32, 36, 37, 38, 42, 43, 48, 49, 56, 57, 60, 66, 67, 69, 74, 77, 80, 87, 88, 89, 91, 92, 93, 95, 99, 103, 104, 105, 106, 110, 113, 115, 118, 121, 124, 132, 134, 136, 140, 144, 149, 154, 157, 158
37: 1, 3, 4, 5, 6, 7, 10, 12, 13, 16, 17, 18, 19, 20, 21, 24, 26, 27, 28, 30, 35, 36, 37, 39, 40, 41, 42, 43, 46, 48, 49, 56, 57, 62, 64, 67, 68, 71, 72, 79, 85, 86, 87, 91, 92, 93, 94, 95, 101, 104, 108, 110, 114, 116, 118, 119, 122, 123, 124, 126, 127, 128, 129, 132, 134, 137, 144, 145, 147, 148, 149, 153, 157, 159
38: 32, 36, 38, 44, 45, 50, 60, 66, 74, 77, 88, 98, 99, 103, 112, 117, 130, 131, 136, 152
39: 1, 3, 7, 10, 12, 14, 17, 18, 21, 24, 32, 37, 39, 40, 44, 47, 48, 51, 53, 54, 55, 56, 57, 58, 61, 62, 64, 67, 68, 71, 73, 78, 79, 81, 85, 86, 87, 93, 95, 96, 98, 101, 104, 106, 110, 116, 118, 122, 126, 127, 128, 129, 132, 134, 137, 138, 139, 143, 144, 145, 148, 149, 159
40: 1, 3, 7, 10, 12, 13, 17, 18, 19, 20, 21, 24, 26, 27, 30, 37, 39, 40, 43, 46, 48, 56, 57, 61, 62, 64, 67, 72, 86, 87, 91, 92, 93, 94, 95, 101, 104, 114, 116, 118, 119, 123, 124, 127, 129, 132, 134, 137, 138, 144, 145, 149, 153, 159
41: 3, 4, 8, 10, 11, 12, 13, 17, 19, 20, 21, 30, 31, 34, 35, 37, 41, 42, 43, 49, 56, 57, 63, 64, 71, 80, 87, 92, 95, 104, 108, 110, 115, 123, 124, 137, 146, 150, 153, 159
42: 1, 5, 12, 13, 15, 17, 18, 21, 23, 24, 27, 30, 32, 36, 37, 41, 42, 43, 44, 45, 46, 47, 49, 50, 53, 55, 57, 63, 64, 70, 71, 83, 87, 88, 92, 95, 96, 97, 98, 103, 104, 106, 110, 115, 117, 122, 124, 126, 128, 130, 131, 133, 134, 139, 146
43: 1, 3, 4, 7, 12, 13, 17, 21, 22, 26, 27, 30, 31, 32, 36, 37, 40, 41, 42, 43, 45, 47, 48, 49, 53, 56, 57, 63, 64, 69, 72, 87, 91, 92, 93, 95, 99, 101, 104, 106, 113, 115, 118, 119, 121, 124, 129, 132, 137, 139, 144, 145, 149, 153, 154, 159
44: 0, 2, 12, 13, 18, 24, 32, 38, 39, 42, 44, 45, 46, 47, 50, 52, 53, 54, 60, 62, 63, 64, 73, 75, 81, 82, 85, 86, 92, 95, 96, 98, 103, 104, 106, 110, 112, 115, 116, 117, 120, 122, 124, 126, 128, 129, 130, 131, 139, 143, 146, 152
45: 0, 2, 13, 32, 38, 42, 43, 44, 45, 47, 50, 53, 60, 63, 75, 81, 82, 98, 99, 103, 106, 112, 117, 120, 122, 126, 129, 130
46: 1, 3, 5, 7, 10, 12, 13, 15, 17, 18, 21, 24, 26, 32, 37, 40, 42, 44, 46, 48, 55, 56, 57, 63, 64, 70, 71, 81, 83, 86, 87, 91, 93, 95, 98, 101, 109, 110, 112, 115, 116, 118, 122, 126, 128, 129, 134, 137, 144, 146, 149, 153
47: 13, 32, 39, 42, 43, 44, 45, 47, 50, 52, 53, 54, 62, 63, 64, 73, 86, 92, 96, 98, 104, 106, 110, 115, 116, 117, 120, 124, 126, 130, 131, 136, 139
48: 1, 3, 4, 5, 7, 10, 12, 13, 14, 16, 17, 18, 21, 24, 26, 27, 28, 30, 36, 37, 39, 40, 43, 46, 48, 49, 53, 54, 56, 57, 61, 62, 63, 64, 67, 68, 71, 72, 85, 86, 87, 91, 92, 93, 94, 95, 101, 104, 105, 108, 110, 114, 116, 118, 119, 123, 124, 126, 127, 129, 132, 134, 137, 144, 145, 148, 149, 153, 157, 159
49: 1, 3, 4, 7, 9, 12, 13, 16, 17, 21, 22, 26, 27, 30, 31, 32, 36, 37, 41, 42, 43, 48, 49, 53, 56, 57, 63, 67, 69, 87, 92, 93, 94, 95, 96, 99, 101, 104, 105, 106, 107, 110, 115, 118, 119, 121, 123, 124, 127, 129, 132, 137, 140, 144, 145, 149, 150, 154, 157, 158, 159
50: 38, 42, 44, 45, 47, 50, 52, 53, 63, 98, 112, 117, 120, 122, 126, 128, 130
51: 2, 14, 22, 25, 32, 39, 51, 58, 59, 66, 76, 77, 85, 94, 96, 97, 99, 102, 105, 106, 107, 110, 116, 131, 136, 139, 140, 142, 143, 148, 150, 152
52: 44, 47, 50, 52, 65, 78, 82, 117, 120, 125, 130, 155
53: 1, 13, 30, 32, 39, 42, 43, 44, 45, 47, 48, 49, 50, 53, 63, 64, 66, 85, 86, 92, 96, 98, 99, 104, 106, 110, 115, 116, 120, 124, 126, 130, 136, 139
54: 7, 12, 14, 17, 21, 24, 39, 44, 47, 48, 54, 55, 58, 59, 61, 62, 64, 67, 68, 73, 78, 79, 81, 85, 86, 87, 94, 95, 96, 101, 106, 112, 116, 122, 123, 126, 127, 128, 129, 130, 131, 132, 137, 144, 148, 155, 156, 159
55: 1, 2, 5, 14, 15, 18, 21, 23, 24, 39, 42, 46, 54, 55, 56, 63, 67, 70, 71, 73, 79, 83, 88, 94, 95, 96, 97, 109, 110, 115, 119, 122, 123, 126, 127, 131, 132, 133, 134, 137, 146, 150, 151, 159
56: 1, 3, 4, 5, 6, 7, 8, 10, 11, 12, 13, 14, 16, 17, 21, 22, 24, 26, 27, 28, 30, 31, 32, 34, 35, 36, 37, 39, 40, 41, 43, 46, 48, 49, 55, 56, 57, 64, 67, 68, 69, 71, 72, 73, 79, 85, 86, 87, 90, 91, 92, 93, 94, 95, 101, 103, 104, 105, 110, 114, 116, 118, 119, 122, 123, 124, 126, 127, 129, 132, 134, 137, 140, 144, 145, 147, 148, 149, 153, 154, 157, 158, 159
57: 1, 3, 4, 5, 6, 7, 10, 12, 13, 16, 17, 18, 21, 24, 26, 27, 28, 30, 31, 32, 36, 37, 39, 40, 41, 42, 43, 46, 48, 49, 56, 57, 60, 62, 64, 67, 68, 70, 71, 72, 79, 85, 86, 87, 90, 91, 92, 93, 94, 95, 101, 104, 108, 114, 115, 116, 118, 119, 122, 123, 124, 126, 127, 128, 129, 132, 134, 137, 138, 139, 144, 145, 147, 148, 149, 153, 154, 157, 159
58: 2, 39, 51, 54, 58, 59, 61, 62, 68, 73, 85, 96, 101, 109, 112, 116, 126, 131, 138, 144, 148, 152
59: 51, 54, 58, 59, 73, 131, 152
60: 1, 5, 14, 36, 38, 44, 45, 57, 60, 62, 64, 68, 70, 71, 73, 81, 85, 86, 91, 99, 103, 112, 116, 117, 122, 126, 128, 129, 134, 138, 148, 155, 157
61: 7, 14, 18, 21, 24, 39, 40, 48, 54, 58, 61, 62, 64, 78, 85, 86, 93, 101, 106, 116, 118, 126, 127, 129, 139, 144, 149, 159
62: 1, 3, 7, 10, 12, 14, 17, 18, 24, 37, 39, 40, 44, 47, 48, 54, 57, 58, 60, 61, 62, 64, 68, 73, 78, 81, 85, 86, 87, 93, 95, 96, 101, 106, 112, 116, 118, 122, 126, 127, 128, 129, 130, 131, 132, 134, 137, 139, 143, 144, 145, 148, 149
63: 1, 5, 12, 13, 15, 17, 18, 23, 24, 25, 27, 30, 32, 41, 42, 43, 44, 45, 46, 47, 48, 49, 50, 53, 55, 63, 70, 71, 83, 87, 88, 92, 93, 95, 97, 98, 103, 104, 106, 110, 115, 117, 122, 124, 126, 130, 133, 134, 139, 146, 150
64: 1, 3, 5, 7, 10, 12, 13, 14, 17, 18, 21, 24, 26, 30, 32, 37, 39, 40, 41, 42, 43, 44, 46, 47, 48, 53, 54, 56, 57, 60, 61, 62, 64, 67, 68, 71, 72, 73, 78, 79, 85, 86, 87, 91, 92, 93, 95, 101, 104, 106, 108, 112, 114, 115, 116, 118, 122, 123, 126, 127, 128, 129, 130, 132, 134, 137, 138, 139, 144, 145, 148, 149, 153, 156, 159
65: 52, 65, 82
66: 4, 15, 23, 25, 28, 31, 32, 36, 38, 51, 53, 66, 69, 74, 75, 77, 82, 96, 99, 103, 106, 115, 116, 117, 131, 136, 142, 154, 158
67: 1, 3, 4, 6, 7, 8, 9, 10, 11, 12, 13, 14, 16, 17, 21, 22, 24, 26, 27, 28, 30, 31, 33, 34, 35, 36, 37, 39, 40, 48, 49, 54, 55, 56, 57, 64, 67, 68, 69, 73, 79, 85, 87, 90, 91, 92, 93, 94, 95, 96, 101, 104, 105, 107, 110, 111, 114, 116, 118, 119, 121, 123, 124, 127, 129, 132, 134, 137, 140, 144, 145, 147, 148, 149, 150, 153, 154, 157, 158, 159
68: 1, 2, 5, 7, 12, 14, 17, 21, 22, 24, 32, 37, 39, 48, 54, 56, 57, 58, 60, 62, 64, 67, 68, 81, 85, 86, 87, 93, 94, 95, 101, 102, 106, 116, 118, 122, 126, 127, 129, 131, 132, 134, 137, 138, 143, 144, 145, 148, 149
69: 4, 8, 13, 16, 21, 22, 23, 28, 29, 30, 31, 33, 36, 43, 49, 56, 66, 67, 69, 74, 77, 80, 88, 90, 91, 92, 94, 99, 103, 104, 105, 107, 119, 121, 124, 132, 136, 140, 142, 147, 154, 157, 158, 159
70: 5, 12, 16, 17, 18, 23, 24, 28, 42, 46, 55, 57, 60, 63, 70, 71, 86, 87, 88, 91, 95, 110, 115, 122, 126, 134, 146
71: 1, 5, 12, 17, 18, 21, 24, 37, 39, 41, 42, 46, 48, 55, 56, 57, 60, 63, 64, 70, 71, 73, 81, 86, 87, 93, 95, 104, 110, 115, 118, 122, 126, 134, 137, 146, 153, 159
72: 1, 3, 7, 10, 12, 13, 17, 19, 20, 21, 26, 37, 40, 43, 48, 56, 57, 64, 72, 78, 83, 86, 87, 91, 93, 95, 108, 114, 118, 129, 132, 137, 144, 145, 149, 153, 159
73: 0, 14, 17, 24, 32, 39, 44, 47, 54, 55, 56, 58, 59, 60, 62, 64, 67, 71, 73, 79, 81, 85, 86, 87, 96, 103, 110, 112, 116, 117, 122, 126, 128, 129, 130, 131, 134, 137, 146, 148, 156
74: 4, 15, 23, 28, 31, 36, 38, 66, 69, 74, 77, 88, 91, 99, 121, 154, 157, 158
75: 0, 2, 14, 15, 23, 44, 45, 66, 75, 77, 96, 99, 103, 117, 120, 122, 131, 146, 156
76: 4, 22, 25, 30, 31, 33, 34, 51, 76, 80, 88, 97, 100, 102, 103, 104, 105, 107, 110, 113, 133, 134, 140, 142, 143, 146, 150
77: 0, 2, 4, 14, 15, 16, 23, 25, 28, 31, 32, 36, 38, 51, 66, 69, 74, 75, 77, 79, 88, 96, 99, 102, 103, 107, 117, 119, 131, 136, 142, 143, 154, 157, 158
78: 7, 14, 21, 39, 52, 54, 61, 62, 64, 72, 78, 79, 82, 83, 85, 86, 101, 106, 111, 114, 116, 118, 125, 126, 127, 129, 138, 148, 149, 155
79: 14, 16, 17, 21, 30, 31, 32, 37, 39, 54, 55, 56, 57, 64, 67, 73, 77, 78, 79, 85, 86, 87, 94, 96, 101, 102, 112, 116, 117, 119, 122, 126, 127, 128, 129, 131, 132, 136, 137, 143, 148, 156, 157, 159
80: 4, 8, 11, 29, 30, 31, 34, 36, 41, 69, 76, 80, 107, 135, 150, 154, 157, 158
81: 7, 18, 24, 39, 44, 45, 46, 54, 60, 62, 68, 71, 73, 81, 85, 86, 93, 98, 106, 112, 116, 122, 126, 128, 129, 138, 144, 148
82: 32, 44, 45, 52, 65, 66, 78, 82, 96, 99, 106, 112, 117, 126, 131
83: 18, 19, 20, 24, 42, 46, 55, 63, 72, 78, 83, 84, 108, 111, 114, 123, 125, 155
84: 83, 84
85: 1, 2, 3, 5, 7, 12, 14, 17, 18, 21, 24, 26, 32, 37, 39, 44, 48, 51, 53, 54, 56, 57, 58, 60, 61, 62, 64, 67, 68, 73, 78, 79, 81, 85, 86, 87, 91, 92, 93, 94, 95, 99, 101, 102, 103, 106, 116, 118, 122, 124, 126, 127, 129, 131, 132, 134, 137, 138, 143, 144, 145, 148, 149, 155, 159
86: 1, 3, 5, 7, 10, 12, 13, 14, 17, 21, 24, 26, 32, 37, 39, 40, 44, 46, 47, 48, 53, 54, 56, 57, 60, 61, 62, 64, 68, 70, 71, 72, 73, 78, 79, 81, 85, 86, 87, 91, 93, 95, 98, 101, 106, 112, 115, 116, 118, 122, 126, 127, 128, 129, 132, 134, 137, 138, 139, 143, 144, 145, 148, 149, 159
87: 1, 3, 4, 5, 6, 7, 10, 12, 13, 16, 17, 19, 21, 24, 26, 27, 28, 30, 31, 32, 35, 36, 37, 39, 40, 41, 42, 43, 46, 48, 49, 54, 56, 57, 62, 63, 64, 67, 68, 70, 71, 72, 73, 79, 85, 86, 87, 91, 92, 93, 94, 95, 101, 104, 105, 108, 110, 112, 114, 116, 118, 119, 122, 123, 124, 126, 127, 128, 129, 132, 134, 137, 138, 139, 140, 144, 145, 147, 148, 149, 153, 157, 159
88: 2, 4, 5, 15, 23, 25, 31, 36, 38, 42, 55, 63, 69, 70, 74, 76, 77, 88, 89, 97, 99, 103, 110, 115, 133, 136, 146, 150, 154, 157, 158
89: 36, 88, 89, 110
90: 4, 8, 16, 21, 28, 29, 31, 33, 56, 57, 67, 69, 90, 91, 94, 119, 132, 147, 154, 157, 158, 159
91: 1, 3, 4, 5, 6, 7, 8, 11, 12, 13, 16, 17, 21, 26, 28, 29, 30, 31, 32, 35, 36, 37, 40, 43, 46, 48, 56, 57, 60, 64, 67, 69, 70, 72, 74, 85, 86, 87, 90, 91, 92, 93, 94, 95, 103, 104, 116, 118, 119, 124, 129, 132, 134, 137, 138, 144, 145, 147, 148, 149, 153, 154, 157, 158, 159
92: 1, 3, 4, 6, 7, 9, 10, 12, 13, 17, 21, 22, 24, 26, 27, 30, 31, 32, 34, 36, 37, 40, 41, 42, 43, 44, 47, 48, 49, 53, 56, 57, 63, 64, 67, 69, 85, 87, 91, 92, 93, 94, 95, 96, 104, 105, 106, 107, 110, 113, 114, 115, 116, 118, 119, 121, 123, 124, 126, 127, 129, 130, 131, 132, 134, 137, 139, 140, 144, 145, 146, 148, 149, 150, 153, 154, 158, 159
93: 1, 3, 4, 5, 7, 10, 12, 13, 14, 16, 17, 18, 19, 21, 24, 26, 27, 28, 30, 32, 36, 37, 39, 40, 43, 46, 48, 49, 56, 57, 61, 62, 63, 64, 67, 68, 71, 72, 81, 85, 86, 87, 91, 92, 93, 94, 95, 101, 104, 106, 108, 110, 114, 116, 118, 119, 122, 123, 124, 126, 127, 129, 132, 134, 137, 138, 144, 145, 148, 149, 153, 157, 159
94: 1, 2, 3, 4, 6, 7, 8, 9, 11, 12, 14, 16, 17, 21, 22, 26, 27, 28, 30, 31, 33, 37, 40, 48, 49, 51, 54, 55, 56, 57, 67, 68, 69, 79, 85, 87, 90, 91, 92, 93, 94, 95, 96, 97, 102, 104, 105, 107, 113, 116, 118, 119, 121, 123, 124, 127, 131, 132, 134, 137, 140, 143, 144, 145, 147, 148, 149, 154, 157, 158, 159
95: 1, 3, 4, 5, 6, 7, 10, 12, 13, 14, 16, 17, 18, 19, 21, 22, 24, 26, 27, 28, 30, 36, 37, 39, 40, 41, 42, 43, 44, 46, 48, 49, 54, 55, 56, 57, 62, 63, 64, 67, 68, 70, 71, 72, 85, 86, 87, 91, 92, 93, 94, 95, 101, 104, 105, 106, 108, 110, 114, 115, 116, 118, 119, 122, 123, 124, 126, 127, 128, 129, 132, 134, 137, 138, 140, 144, 145, 147, 148, 149, 153, 157, 159
96: 0, 2, 9, 14, 22, 30, 31, 32, 39, 42, 44, 47, 49, 51, 53, 54, 55, 58, 62, 66, 67, 73, 75, 77, 79, 82, 92, 94, 96, 97, 101, 103, 104, 105, 106, 107, 110, 115, 116, 117, 120, 122, 124, 126, 127, 130, 131, 132, 136, 139, 140, 142, 143, 146, 150, 152, 156
97: 2, 15, 22, 23, 25, 31, 34, 42, 51, 55, 63, 76, 88, 94, 96, 97, 105, 107, 109, 110, 115, 121, 131, 133, 134, 140, 142, 143, 146, 150, 152
98: 13, 18, 32, 38, 39, 42, 44, 45, 46, 47, 50, 53, 63, 81, 86, 98, 106, 112, 116, 117, 126, 128, 130, 139, 146, 152
99: 2, 4, 13, 14, 16, 25, 31, 32, 36, 38, 43, 45, 49, 51, 53, 60, 66, 69, 74, 75, 77, 82, 85, 88, 99, 103, 106, 117, 131, 136, 142, 154, 157, 158
100: 76, 100
101: 1, 3, 7, 10, 12, 13, 14, 17, 18, 21, 26, 32, 37, 39, 40, 43, 46, 48, 49, 54, 56, 57, 58, 61, 62, 64, 67, 68, 78, 79, 85, 86, 87, 93, 95, 96, 101, 106, 112, 115, 116, 118, 119, 122, 123, 126, 127, 128, 129, 132, 137, 138, 139, 144, 145, 148, 149, 153, 156, 159
102: 14, 33, 51, 68, 76, 77, 79, 85, 94, 102, 142, 148
103: 0, 2, 4, 13, 16, 23, 30, 31, 32, 36, 38, 42, 44, 45, 56, 60, 63, 66, 69, 73, 75, 76, 77, 85, 88, 91, 96, 99, 103, 104, 110, 117, 122, 124, 126, 131, 136, 139, 142, 143, 146, 148, 154, 157, 158
104: 1, 3, 4, 7, 9, 10, 12, 13, 16, 17, 21, 22, 24, 26, 27, 30, 31, 32, 34, 36, 37, 39, 40, 41, 42, 43, 44, 47, 48, 49, 53, 56, 57, 63, 64, 67, 69, 71, 76, 87, 91, 92, 93, 94, 95, 96, 103, 104, 105, 106, 107, 110, 114, 115, 118, 119, 123, 124, 127, 129, 132, 137, 139, 140, 144, 145, 146, 149, 150, 153, 154, 157, 158, 159
105: 2, 4, 6, 9, 12, 13, 14, 16, 17, 21, 22, 25, 27, 30, 31, 33, 34, 36, 48, 49, 51, 56, 67, 69, 76, 87, 92, 94, 95, 96, 97, 104, 105, 107, 110, 113, 119, 121, 124, 131, 132, 137, 140, 142, 143, 146, 147, 150, 154, 157, 158, 159
106: 1, 2, 3, 7, 12, 13, 14, 18, 24, 25, 27, 30, 32, 36, 39, 42, 43, 44, 45, 47, 49, 51, 53, 54, 61, 62, 63, 64, 66, 68, 78, 81, 82, 85, 86, 92, 93, 95, 96, 98, 99, 101, 104, 106, 110, 112, 115, 116, 117, 118, 124, 126, 127, 129, 130, 131, 134, 137, 138, 139, 143, 144, 146, 148, 149
107: 2, 4, 6, 8, 9, 22, 25, 30, 31, 33, 34, 49, 51, 67, 69, 76, 77, 80, 92, 94, 96, 97, 104, 105, 107, 113, 119, 121, 124, 131, 132, 137, 140, 143, 147, 150, 154, 157, 158
108: 1, 3, 7, 10, 12, 17, 19, 20, 21, 37, 41, 48, 57, 64, 72, 83, 87, 93, 95, 108, 111, 114, 118, 123, 132, 137, 141, 145, 149, 153, 159
109: 15, 18, 25, 46, 55, 58, 97, 109, 134, 152
110: 1, 4, 5, 9, 12, 13, 14, 15, 17, 18, 22, 23, 24, 25, 27, 30, 31, 32, 34, 36, 37, 39, 41, 42, 44, 46, 47, 48, 49, 51, 53, 55, 56, 63, 67, 70, 71, 73, 76, 87, 88, 89, 92, 93, 95, 96, 97, 103, 104, 105, 106, 110, 115, 124, 132, 133, 134, 137, 139, 140, 143, 144, 146, 150, 159
111: 10, 19, 20, 67, 78, 83, 108, 111, 114, 123, 141, 153, 159
112: 18, 32, 38, 44, 45, 46, 50, 54, 58, 60, 62, 64, 73, 79, 81, 82, 86, 87, 98, 101, 106, 112, 116, 117, 122, 125, 126, 128, 129, 130, 156
113: 6, 22, 31, 33, 36, 43, 76, 92, 94, 105, 107, 113, 121, 124, 140, 142, 158
114: 1, 3, 7, 9, 12, 17, 19, 20, 21, 26, 37, 40, 48, 56, 57, 64, 67, 72, 78, 83, 87, 92, 93, 95, 104, 108, 111, 114, 118, 124, 132, 137, 144, 145, 149, 153, 159
115: 1, 5, 12, 13, 15, 17, 18, 21, 23, 24, 25, 30, 31, 32, 36, 41, 42, 43, 44, 46, 47, 49, 53, 55, 57, 63, 64, 66, 70, 71, 86, 88, 92, 95, 96, 97, 101, 104, 106, 110, 115, 117, 123, 124, 126, 131, 134, 139, 146, 150, 154, 159
116: 1, 3, 5, 7, 12, 13, 14, 17, 18, 21, 24, 26, 32, 37, 39, 40, 44, 46, 47, 48, 51, 53, 54, 56, 57, 58, 60, 61, 62, 64, 66, 67, 68, 73, 78, 79, 81, 85, 86, 87, 91, 92, 93, 94, 95, 96, 98, 101, 106, 112, 116, 118, 122, 124, 126, 127, 128, 129, 131, 132, 134, 137, 138, 139, 143, 144, 145, 148, 149
117: 0, 2, 15, 32, 38, 42, 44, 45, 47, 50, 52, 60, 63, 66, 73, 75, 77, 79, 82, 96, 98, 99, 103, 106, 112, 115, 117, 120, 126, 128, 130, 131, 136, 139, 152
118: 1, 3, 4, 5, 7, 10, 12, 13, 14, 16, 17, 18, 19, 20, 21, 24, 26, 28, 30, 32, 36, 37, 39, 40, 43, 46, 48, 49, 56, 57, 61, 62, 64, 67, 68, 71, 72, 78, 85, 86, 87, 91, 92, 93, 94, 95, 101, 104, 106, 108, 114, 116, 118, 119, 122, 123, 124, 126, 127, 129, 132, 134, 137, 138, 144, 145, 148, 149, 153, 157, 159
119: 1, 3, 4, 6, 7, 8, 11, 12, 13, 14, 16, 17, 21, 22, 26, 28, 29, 30, 31, 33, 35, 37, 40, 43, 48, 49, 55, 56, 57, 67, 69, 77, 79, 87, 90, 91, 92, 93, 94, 95, 101, 104, 105, 107, 118, 119, 123, 124, 127, 132, 137, 140, 144, 145, 147, 149, 151, 154, 156, 157, 158, 159
120: 0, 44, 45, 47, 50, 52, 53, 75, 96, 117, 120, 126, 130, 131
121: 6, 13, 22, 25, 31, 33, 36, 43, 49, 67, 69, 74, 92, 94, 97, 105, 107, 113, 121, 124, 132, 140, 150, 158
122: 0, 1, 2, 3, 7, 12, 14, 17, 18, 21, 24, 37, 39, 42, 44, 45, 46, 50, 54, 55, 56, 57, 60, 62, 63, 64, 68, 70, 71, 73, 75, 79, 81, 85, 86, 87, 93, 95, 96, 101, 103, 112, 116, 118, 122, 126, 127, 128, 129, 130, 137, 138, 148, 155, 156, 159
123: 1, 3, 6, 7, 8, 10, 11, 12, 17, 18, 19, 20, 21, 24, 26, 29, 34, 35, 37, 40, 41, 48, 49, 54, 55, 56, 57, 64, 67, 83, 87, 92, 93, 94, 95, 101, 104, 108, 111, 115, 118, 119, 123, 124, 127, 132, 134, 137, 141, 144, 145, 149, 153, 159
124: 1, 3, 4, 7, 9, 10, 12, 13, 16, 17, 21, 22, 24, 26, 27, 28, 30, 31, 32, 34, 36, 37, 40, 41, 42, 43, 44, 47, 48, 49, 53, 56, 57, 63, 67, 69, 85, 87, 91, 92, 93, 94, 95, 96, 103, 104, 105, 106, 107, 110, 113, 114, 115, 116, 118, 119, 121, 123, 124, 131, 132, 134, 137, 139, 140, 143, 144, 145, 146, 148, 149, 150, 153, 154, 158, 159
125: 52, 78, 83, 112, 125, 155
126: 1, 3, 5, 7, 12, 13, 14, 17, 18, 21, 24, 26, 32, 37, 39, 42, 44, 45, 46, 47, 48, 50, 53, 54, 55, 56, 57, 58, 60, 61, 62, 63, 64, 68, 70, 71, 73, 78, 79, 81, 82, 85, 86, 87, 92, 93, 95, 96, 98, 101, 103, 106, 112, 115, 116, 117, 118, 120, 122, 126, 127, 128, 129, 130, 131, 132, 134, 137, 138, 139, 144, 145, 148, 149, 155, 156, 159
127: 1, 2, 3, 6, 7, 12, 14, 16, 17, 21, 37, 39, 40, 48, 49, 54, 55, 56, 57, 61, 62, 64, 67, 68, 78, 79, 85, 86, 87, 92, 93, 94, 95, 96, 101, 104, 106, 116, 118, 119, 122, 123, 126, 127, 129, 132, 137, 138, 144, 145, 148, 149, 150, 155, 157, 159
128: 1, 12, 17, 18, 24, 37, 39, 42, 44, 46, 50, 54, 57, 60, 62, 64, 73, 79, 81, 86, 87, 95, 98, 101, 112, 116, 117, 122, 126, 128, 129, 130, 156
129: 1, 3, 5, 7, 10, 12, 13, 14, 17, 18, 21, 24, 26, 30, 32, 37, 39, 40, 43, 44, 45, 46, 48, 49, 54, 56, 57, 60, 61, 62, 64, 67, 68, 72, 73, 78, 79, 81, 85, 86, 87, 91, 92, 93, 95, 101, 104, 106, 112, 116, 118, 122, 126, 127, 128, 129, 132, 134, 137, 138, 139, 144, 145, 148, 149, 153, 159
130: 0, 13, 32, 38, 42, 44, 45, 47, 50, 52, 53, 54, 62, 63, 64, 73, 92, 96, 98, 106, 112, 117, 120, 122, 126, 128, 130, 131, 139, 152, 156
131: 0, 2, 14, 22, 25, 32, 38, 42, 44, 47, 51, 54, 55, 58, 59, 62, 66, 68, 73, 75, 77, 79, 82, 85, 92, 94, 96, 97, 99, 103, 105, 106, 107, 115, 116, 117, 120, 124, 126, 130, 131, 134, 136, 139, 140, 142, 143, 146, 148, 152
132: 1, 3, 4, 5, 6, 7, 8, 9, 10, 12, 13, 14, 16, 17, 21, 22, 24, 26, 27, 28, 30, 31, 33, 35, 36, 37, 39, 40, 43, 48, 49, 54, 55, 56, 57, 62, 64, 67, 68, 69, 72, 79, 85, 86, 87, 90, 91, 92, 93, 94, 95, 96, 101, 104, 105, 107, 108, 110, 114, 116, 118, 119, 121, 123, 124, 126, 127, 129, 132, 134, 137, 138, 140, 144, 145, 147, 148, 149, 153, 154, 157, 158, 159
133: 2, 18, 23, 25, 42, 55, 63, 76, 88, 97, 110, 133, 134, 146
134: 1, 3, 5, 6, 7, 10, 12, 14, 17, 18, 21, 24, 25, 27, 32, 36, 37, 39, 40, 42, 46, 48, 55, 56, 57, 60, 62, 63, 64, 67, 68, 70, 71, 73, 76, 85, 86, 87, 91, 92, 93, 94, 95, 97, 106, 109, 110, 115, 116, 118, 123, 124, 126, 129, 131, 132, 133, 134, 137, 138, 143, 144, 145, 146, 148, 149, 151, 153, 159
135: 8, 11, 80, 135
136: 2, 4, 16, 23, 30, 31, 32, 36, 38, 47, 51, 53, 66, 69, 77, 79, 88, 96, 99, 103, 117, 131, 136, 142, 143, 154, 157, 158
137: 1, 3, 4, 6, 7, 9, 10, 12, 13, 14, 16, 17, 18, 21, 22, 24, 26, 27, 28, 30, 31, 33, 34, 37, 39, 40, 41, 43, 46, 48, 49, 54, 55, 56, 57, 62, 64, 67, 68, 71, 72, 73, 79, 85, 86, 87, 91, 92, 93, 94, 95, 101, 104, 105, 106, 107, 108, 110, 114, 116, 118, 119, 122, 123, 124, 126, 127, 129, 132, 134, 137, 138, 140, 144, 145, 147, 148, 149, 153, 157, 159
138: 1, 3, 5, 7, 12, 14, 17, 18, 21, 24, 32, 39, 40, 57, 58, 60, 64, 68, 78, 81, 85, 86, 87, 91, 93, 95, 101, 106, 116, 118, 122, 126, 127, 129, 132, 134, 137, 138, 144, 145, 148, 149
139: 13, 17, 27, 30, 32, 39, 42, 43, 44, 47, 51, 53, 57, 61, 62, 63, 64, 86, 87, 92, 96, 98, 101, 103, 104, 106, 110, 115, 116, 117, 124, 126, 129, 130, 131, 139, 143
140: 2, 4, 6, 9, 12, 13, 16, 17, 21, 22, 27, 30, 31, 33, 34, 36, 49, 51, 56, 67, 69, 76, 87, 92, 94, 95, 96, 97, 104, 105, 107, 110, 113, 119, 121, 124, 131, 132, 137, 140, 142, 143, 144, 147, 150, 154, 157, 158, 159
141: 8, 11, 19, 20, 28, 29, 35, 108, 111, 123, 141
142: 2, 14, 22, 31, 33, 51, 66, 69, 76, 77, 96, 97, 99, 102, 103, 105, 113, 131, 136, 140, 142, 143, 152
143: 2, 14, 22, 27, 30, 31, 32, 34, 39, 44, 51, 62, 68, 76, 77, 79, 85, 86, 94, 96, 97, 103, 105, 106, 107, 110, 116, 124, 131, 134, 136, 139, 140, 142, 143, 146, 148
144: 1, 3, 4, 5, 6, 7, 10, 12, 13, 14, 16, 17, 18, 21, 22, 24, 26, 27, 28, 30, 32, 35, 36, 37, 39, 40, 43, 46, 48, 49, 54, 56, 57, 58, 61, 62, 64, 67, 68, 72, 81, 85, 86, 87, 91, 92, 93, 94, 95, 101, 104, 106, 110, 114, 116, 118, 119, 123, 124, 126, 127, 129, 132, 134, 137, 138, 140, 144, 145, 148, 149, 153, 157, 159
145: 1, 3, 6, 7, 10, 12, 13, 14, 16, 17, 18, 21, 24, 26, 28, 30, 37, 39, 40, 43, 48, 49, 56, 57, 62, 64, 67, 68, 72, 85, 86, 87, 91, 92, 93, 94, 95, 101, 104, 108, 114, 116, 118, 119, 123, 124, 126, 127, 129, 132, 134, 137, 138, 144, 145, 148, 149, 153, 157, 159
146: 0, 2, 4, 13, 15, 18, 22, 23, 24, 25, 27, 30, 32, 34, 41, 42, 44, 46, 55, 63, 70, 71, 73, 75, 76, 88, 92, 96, 97, 98, 103, 104, 105, 106, 110, 115, 124, 131, 133, 134, 143, 146, 150
147: 4, 6, 8, 11, 12, 16, 17, 21, 28, 29, 30, 31, 33, 35, 37, 56, 57, 67, 69, 87, 90, 91, 94, 95, 105, 107, 119, 132, 137, 140, 147, 154, 157, 158, 159
148: 1, 2, 3, 5, 7, 12, 14, 17, 18, 21, 24, 32, 37, 39, 48, 51, 54, 56, 57, 58, 60, 62, 64, 67, 68, 73, 78, 79, 81, 85, 86, 87, 91, 92, 93, 94, 95, 101, 102, 103, 106, 116, 118, 122, 124, 126, 127, 129, 131, 132, 134, 137, 138, 143, 144, 145, 148, 149
149: 1, 3, 5, 6, 7, 10, 12, 13, 14, 16, 17, 18, 21, 24, 26, 28, 30, 36, 37, 39, 40, 43, 46, 48, 49, 56, 57, 61, 62, 64, 67, 68, 72, 78, 85, 86, 87, 91, 92, 93, 94, 95, 101, 104, 106, 108, 114, 116, 118, 119, 123, 124, 126, 127, 129, 132, 134, 137, 138, 144, 145, 148, 149, 153, 157, 159
150: 14, 15, 22, 25, 30, 31, 34, 41, 49, 51, 55, 63, 67, 76, 80, 88, 92, 96, 97, 104, 105, 107, 110, 115, 121, 124, 127, 140, 146, 150, 158
151: 25, 55, 119, 134, 151
152: 2, 22, 38, 44, 51, 58, 59, 96, 97, 98, 109, 117, 130, 131, 142, 152
153: 1, 3, 5, 7, 8, 10, 11, 12, 13, 17, 18, 19, 20, 21, 24, 26, 29, 34, 35, 37, 40, 41, 43, 46, 48, 56, 57, 64, 67, 71, 72, 87, 91, 92, 93, 95, 101, 104, 108, 111, 114, 118, 123, 124, 129, 132, 134, 137, 144, 145, 149, 153, 159
154: 4, 13, 16, 21, 22, 23, 28, 30, 31, 36, 43, 49, 56, 57, 66, 67, 69, 74, 77, 80, 88, 90, 91, 92, 94, 99, 103, 104, 105, 107, 115, 119, 124, 132, 136, 140, 147, 154, 157, 158
155: 14, 21, 52, 54, 60, 78, 83, 85, 122, 125, 126, 127, 155
156: 0, 54, 64, 73, 75, 79, 96, 101, 112, 119, 122, 126, 128, 130, 156
157: 1, 3, 4, 5, 6, 7, 8, 11, 12, 13, 14, 16, 17, 21, 22, 26, 28, 29, 30, 31, 33, 35, 36, 37, 48, 49, 56, 57, 60, 67, 69, 74, 77, 79, 80, 87, 88, 90, 91, 93, 94, 95, 99, 103, 104, 105, 107, 118, 119, 127, 132, 136, 137, 140, 144, 145, 147, 149, 154, 157, 158, 159
158: 4, 6, 8, 13, 16, 22, 23, 28, 29, 30, 31, 33, 36, 49, 56, 66, 67, 69, 74, 77, 80, 88, 90, 91, 92, 94, 99, 103, 104, 105, 107, 113, 119, 121, 124, 132, 136, 140, 147, 150, 154, 157, 158
159: 1, 3, 4, 6, 7, 9, 10, 12, 13, 14, 16, 17, 21, 22, 24, 26, 28, 30, 31, 37, 39, 40, 41, 43, 48, 49, 54, 55, 56, 57, 61, 64, 67, 69, 71, 72, 79, 85, 86, 87, 90, 91, 92, 93, 94, 95, 101, 104, 105, 108, 110, 111, 114, 115, 118, 119, 122, 123, 124, 126, 127, 129, 132, 134, 137, 140, 144, 145, 147, 149, 153, 157, 159
edgeCount: 6998
