0: 0, 460, 561
1: 1, 386
2: 2, 12, 15, 25, 49, 57, 64, 87, 94, 111, 166, 174, 180, 189, 241, 251, 259, 294, 335, 362, 363, 390, 397, 401, 449, 496, 497, 500, 501, 509, 531, 540, 545, 547, 591, 663, 673, 677, 685, 706, 766, 778, 786
3: 3, 15, 103, 105, 137, 221, 363, 394, 422, 464, 466, 579, 581, 719, 749
4: 4, 532, 639, 652
5: 5
6: 6, 72, 139, 351, 513, 545, 589
7: 7, 487, 628, 634, 799
8: 8, 39, 317, 445
9: 9, 249, 488, 548, 611, 640
10: 10, 246, 289, 622, 658, 679
11: 11, 49, 72, 183, 223, 240, 251, 351, 501, 547, 570, 587, 649, 778
12: 2, 12, 14, 15, 25, 49, 57, 64, 87, 94, 111, 164, 166, 180, 189, 229, 251, 294, 362, 363, 397, 399, 464, 477, 485, 496, 500, 501, 531, 540, 545, 547, 569, 630, 663, 673, 677, 706, 766, 786
13: 13
14: 12, 14, 25, 57, 94, 142, 155, 166, 189, 199, 229, 335, 362, 397, 401, 419, 496, 515, 535, 545, 569, 607, 673, 685, 700, 706, 710, 717, 788
15: 2, 3, 12, 15, 25, 49, 50, 64, 94, 152, 294, 363, 373, 390, 399, 464, 477, 500, 501, 509, 540, 547, 569, 591, 645, 673, 778, 786
16: 16, 231, 247, 596
17: 17, 72, 113, 210, 239, 296, 559, 618, 659, 700, 743
18: 18, 744
19: 19, 519, 655, 709
20: 20, 544
21: 21, 26, 182, 232, 417
22: 22, 23, 109, 185, 193, 326, 701, 798
23: 22, 23, 193, 227, 326, 658, 770
24: 24, 517, 670, 716
25: 2, 12, 14, 15, 25, 49, 57, 64, 87, 94, 111, 164, 166, 180, 189, 199, 201, 239, 251, 255, 294, 362, 363, 397, 416, 451, 485, 496, 500, 501, 531, 540, 547, 569, 591, 616, 630, 632, 663, 673, 683, 703, 706, 710, 766, 778, 786, 798
26: 21, 26, 71, 232, 526
27: 27, 49, 64, 69, 214, 296, 431, 446, 451, 485, 528, 568, 649, 703, 794
28: 28, 795
29: 29, 568
30: 30
31: 31, 109, 117, 185, 340, 421, 550, 690, 739, 760, 769
32: 32, 342, 634
33: 33
34: 34, 795
35: 35
36: 36, 415
37: 37, 366, 682
38: 38, 182, 206, 322, 447
39: 8, 39, 317, 365, 445, 492, 575
40: 40, 85, 444, 448, 464, 509
41: 41, 52, 80, 174, 219, 341, 390, 394, 395, 422, 466, 496, 591
42: 42, 178, 210, 589
43: 43, 115, 406, 530
44: 44
45: 45
46: 46, 253
47: 47, 59, 145, 149, 194, 331, 383, 384, 421, 498, 522, 550, 562, 689, 748
48: 48, 130, 305, 410, 445, 551, 670
49: 2, 11, 12, 15, 25, 27, 49, 52, 64, 87, 94, 111, 166, 180, 189, 251, 363, 368, 399, 446, 477, 497, 500, 501, 531, 540, 547, 569, 580, 607, 630, 638, 663, 673, 685, 706, 766, 778, 786
50: 15, 50, 137, 221, 394, 422, 466, 569, 645, 673
51: 51, 268
52: 41, 49, 52, 174, 254, 259, 335, 362, 368, 401, 496, 497, 500, 535, 545, 547, 569, 580, 673, 700, 778, 786
53: 53
54: 54
55: 55
56: 56, 236
57: 2, 12, 14, 25, 57, 64, 87, 94, 111, 164, 166, 189, 199, 251, 362, 363, 397, 501, 531, 540, 547, 607, 616, 663, 673, 683, 706, 766, 771, 798
58: 58
59: 47, 59, 149, 340, 383, 421, 498, 501, 689, 690, 748, 759
60: 60, 124, 231, 301, 354, 386, 402, 433, 458, 480, 523, 551, 567, 572, 588, 712
61: 61, 115, 121, 192, 235, 530, 533, 639, 730, 747
62: 62
63: 63, 71, 106, 108, 161, 182, 232, 275, 322, 340, 417, 447, 526, 690, 737, 739, 769
64: 2, 12, 15, 25, 27, 49, 57, 64, 87, 94, 111, 142, 149, 166, 171, 180, 189, 201, 229, 230, 251, 335, 362, 381, 397, 399, 401, 431, 477, 497, 500, 501, 531, 535, 540, 547, 569, 616, 630, 633, 638, 663, 673, 706, 756, 771, 781, 786, 787, 798
65: 65, 157
66: 66
67: 67
68: 68, 209, 432
69: 27, 69, 210, 446
70: 70, 385
71: 26, 63, 71, 232, 322, 526, 536, 600, 737, 739
72: 6, 11, 17, 72, 139, 211, 215, 315, 351, 503, 515, 518, 570, 587, 589, 743
73: 73
74: 74
75: 75
76: 76
77: 77
78: 78, 120, 132, 702
79: 79, 111, 142, 185, 189, 198, 201, 227, 237, 254, 259, 335, 349, 358, 399, 401, 449, 466, 474, 477, 480, 496, 540, 607, 616, 618, 621, 630, 631, 638, 658, 673, 685, 692, 696, 700, 717, 723, 781, 784, 798
80: 41, 80, 174, 259, 363, 390, 395, 422, 444, 509, 591, 766
81: 81, 454
82: 82, 172, 225, 299
83: 83, 90, 485, 741
84: 84, 235, 293, 495, 747
85: 40, 85, 138, 395, 422, 444, 581, 607
86: 86
87: 2, 12, 25, 49, 57, 64, 87, 94, 111, 166, 180, 189, 201, 227, 237, 241, 251, 259, 335, 339, 363, 381, 390, 397, 401, 449, 496, 500, 501, 531, 535, 540, 545, 547, 616, 618, 638, 659, 663, 685, 700, 706, 766, 771, 778, 787, 798
88: 88, 558
89: 89
90: 83, 90, 241, 504, 677
91: 91, 126, 148, 277, 316, 431, 453, 568
92: 92
93: 93, 200, 343, 577
94: 2, 12, 14, 15, 25, 49, 57, 64, 87, 94, 111, 155, 164, 166, 180, 189, 199, 201, 230, 239, 251, 259, 335, 362, 363, 381, 397, 401, 414, 416, 500, 501, 509, 531, 535, 540, 545, 547, 587, 616, 630, 633, 645, 659, 663, 673, 683, 685, 700, 706, 710, 766, 778, 787
95: 95, 245
96: 96, 149, 379, 383, 420, 689, 748, 796
97: 97, 348, 619
98: 98, 434
99: 99, 682
100: 100, 138, 435, 514, 627
101: 101, 148, 183, 211, 255, 316, 338, 377, 396, 431, 570, 713, 773
102: 102
103: 3, 103, 330, 579, 610, 773
104: 104, 296, 401
105: 3, 105, 221, 363, 394, 464, 466, 509, 581, 719, 749, 766
106: 63, 106, 182, 322, 388, 417, 447, 656, 712, 737, 772
107: 107, 195
108: 63, 108, 168, 207, 312, 322, 344, 450, 489, 491, 600, 682, 767
109: 22, 31, 109, 142, 185, 421, 522, 550, 717
110: 110, 123
111: 2, 12, 25, 49, 57, 64, 79, 87, 94, 111, 142, 166, 180, 189, 201, 227, 237, 251, 254, 255, 259, 294, 335, 339, 363, 381, 397, 399, 401, 407, 449, 477, 496, 500, 501, 531, 540, 547, 565, 591, 607, 616, 618, 630, 631, 638, 658, 659, 663, 673, 685, 692, 700, 706, 766, 771, 781, 786, 787, 794, 798
112: 112
113: 17, 113, 198, 442, 559, 631, 732
114: 114
115: 43, 61, 115, 304, 327, 492, 639
116: 116, 195
117: 31, 117, 161, 326, 340, 755, 759
118: 118
119: 119, 290, 352, 375
120: 78, 120, 266, 437, 439
121: 61, 121, 150, 192, 327, 606, 653, 730
122: 122, 359
123: 110, 123
124: 60, 124, 301, 354, 402, 433, 523, 536, 541, 551, 567, 572, 588, 712, 737
125: 125, 600
126: 91, 126, 148, 181, 215, 277, 279, 308, 343, 453, 552, 574, 603, 605
127: 127
128: 128, 312, 507
129: 129, 327, 357
130: 48, 130, 227, 323, 410, 445, 670, 716
131: 131
132: 78, 132, 270, 332, 702, 795
133: 133, 432, 594
134: 134
135: 135, 642, 763
136: 136, 360
137: 3, 50, 137, 219, 221, 318, 394, 422, 466, 581, 704, 749
138: 85, 100, 138, 373, 435, 536, 627
139: 6, 72, 139, 151, 183, 215, 351, 401, 407, 503, 515, 518, 552, 667, 713, 792
140: 140, 440
141: 141, 284, 299, 493, 599
142: 14, 64, 79, 109, 111, 142, 155, 166, 185, 189, 198, 201, 229, 230, 254, 335, 349, 358, 362, 399, 401, 449, 474, 477, 496, 531, 535, 565, 569, 616, 630, 631, 659, 663, 673, 685, 692, 696, 700, 706, 717, 723, 752, 781, 792, 798
143: 143, 370
144: 144
145: 47, 145, 194, 331, 383, 414, 421, 498, 620, 689, 748
146: 146, 212, 480, 538, 541, 551
147: 147
148: 91, 101, 126, 148, 201, 255, 277, 279, 316, 338, 377, 382, 407, 453, 552, 570, 603, 616, 621, 630, 633, 732, 792, 798
149: 47, 59, 64, 96, 149, 193, 326, 356, 379, 383, 421, 498, 522, 689, 690, 748, 796
150: 121, 150, 163, 285, 653, 721, 757
151: 139, 151, 183, 279, 396, 407, 453, 568
152: 15, 152, 208, 413, 645
153: 153, 202, 637, 640
154: 154
155: 14, 94, 142, 155, 166, 198, 199, 229, 237, 335, 362, 397, 401, 419, 449, 496, 531, 535, 545, 569, 618, 659, 663, 673, 685, 700, 706, 710, 717, 788
156: 156, 165, 336
157: 65, 157
158: 158
159: 159, 282, 559
160: 160, 468, 615, 645
161: 63, 117, 161, 193, 322, 326, 340, 417, 690, 767
162: 162, 284
163: 150, 163, 721
164: 12, 25, 57, 94, 164, 547, 683, 706, 771
165: 156, 165
166: 2, 12, 14, 25, 49, 57, 64, 87, 94, 111, 142, 155, 166, 180, 189, 199, 201, 230, 241, 251, 259, 335, 362, 363, 381, 397, 399, 401, 414, 449, 477, 496, 501, 531, 535, 540, 545, 547, 569, 570, 616, 630, 633, 659, 663, 673, 677, 685, 700, 706, 710, 766, 778, 787, 798
167: 167
168: 108, 168, 207, 312, 329, 452, 489, 532, 600, 652, 672, 728, 774
169: 169
170: 170, 305, 410, 538, 670
171: 64, 171, 446, 485, 642
172: 82, 172, 225, 299, 440, 674
173: 173
174: 2, 41, 52, 80, 174, 251, 259, 335, 358, 362, 363, 390, 395, 401, 449, 496, 497, 509, 545, 580, 581, 591, 636, 673, 766
175: 175
176: 176
177: 177, 697
178: 42, 178, 632
179: 179, 208, 356, 379, 383, 420, 498, 796
180: 2, 12, 25, 49, 64, 87, 94, 111, 166, 180, 189, 227, 237, 251, 363, 381, 397, 401, 496, 500, 501, 531, 540, 545, 547, 565, 663, 683, 685, 706, 766, 778
181: 126, 181, 212, 279, 308, 453, 474, 552
182: 21, 38, 63, 106, 182, 232, 322, 347, 388, 417, 447, 489, 656, 737, 772
183: 11, 101, 139, 151, 183, 223, 279, 291, 377, 396, 407, 587, 598, 625, 773
184: 184
185: 22, 31, 79, 109, 142, 185, 198, 254, 631, 692, 696, 717
186: 186, 504
187: 187, 776
188: 188, 772
189: 2, 12, 14, 25, 49, 57, 64, 79, 87, 94, 111, 142, 166, 180, 189, 227, 251, 255, 335, 363, 381, 397, 399, 401, 407, 449, 477, 496, 531, 540, 545, 547, 616, 630, 638, 658, 663, 673, 685, 692, 700, 703, 706, 766, 771, 787, 798
190: 190
191: 191
192: 61, 121, 192, 530
193: 22, 23, 149, 161, 193, 213, 322, 326, 379, 383, 447, 690, 739, 796
194: 47, 145, 194, 208, 331, 384, 421, 620
195: 107, 116, 195, 383
196: 196
197: 197, 291, 325, 435, 574
198: 79, 113, 142, 155, 185, 198, 201, 227, 230, 237, 254, 259, 335, 349, 358, 401, 449, 474, 535, 565, 588, 616, 618, 630, 631, 633, 659, 685, 692, 696, 700, 710, 717, 723, 732, 781, 798
199: 14, 25, 57, 94, 155, 166, 199, 237, 259, 335, 358, 362, 397, 401, 449, 496, 535, 545, 580, 607, 618, 659, 663, 673, 685, 700, 710, 723
200: 93, 200, 212, 279, 577
201: 25, 64, 79, 87, 94, 111, 142, 148, 166, 198, 201, 227, 230, 278, 316, 340, 349, 358, 397, 399, 477, 501, 531, 535, 540, 565, 616, 630, 631, 633, 638, 658, 659, 663, 692, 696, 706, 717, 723, 781, 798
202: 153, 202
203: 203, 753
204: 204
205: 205, 543, 729
206: 38, 206, 566, 721, 772
207: 108, 168, 207, 312, 555
208: 152, 179, 194, 208
209: 68, 209, 432, 594
210: 17, 42, 69, 210, 296, 569
211: 72, 101, 211, 215, 377, 518
212: 146, 181, 200, 212, 438, 455, 588, 621
213: 193, 213, 399, 638, 690
214: 27, 214, 451
215: 72, 126, 139, 211, 215, 308, 351, 503, 518, 552, 743
216: 216
217: 217, 330, 415
218: 218, 356, 379, 383, 420, 620, 796
219: 41, 137, 219, 221, 341, 394, 466, 581
220: 220, 386
221: 3, 50, 105, 137, 219, 221, 318, 394, 422, 466, 581, 704, 749
222: 222
223: 11, 183, 223, 257
224: 224
225: 82, 172, 225, 299, 306
226: 226
227: 23, 79, 87, 111, 130, 180, 189, 198, 201, 227, 230, 231, 251, 254, 278, 279, 286, 289, 323, 339, 349, 385, 399, 474, 477, 523, 536, 551, 565, 567, 616, 630, 631, 633, 638, 658, 663, 685, 692, 694, 696, 712, 771, 798
228: 228
229: 12, 14, 64, 142, 155, 229, 335, 358, 362, 401, 496, 497, 515, 531, 535, 545, 547, 569, 659, 673, 685, 700, 706, 717, 781
230: 64, 94, 142, 166, 198, 201, 227, 230, 278, 316, 340, 349, 358, 362, 363, 381, 397, 399, 477, 501, 531, 565, 616, 630, 631, 633, 663, 706, 717, 781, 787, 798
231: 16, 60, 227, 231, 289, 325, 402, 458, 480, 486, 523, 536, 551, 567, 572, 585, 588, 596, 622, 658, 679, 712, 735, 784
232: 21, 26, 63, 71, 182, 232, 417, 526, 772
233: 233, 304, 508, 575
234: 234, 419, 482, 677, 788
235: 61, 84, 235, 639, 720, 754
236: 56, 236, 337
237: 79, 87, 111, 155, 180, 198, 199, 237, 251, 254, 259, 335, 339, 349, 362, 401, 449, 474, 496, 497, 535, 545, 580, 607, 618, 631, 659, 663, 685, 692, 700, 710, 781
238: 238, 741
239: 17, 25, 94, 239, 416, 446, 451, 485, 528, 531, 570, 587, 642
240: 11, 240, 396, 501, 632, 667, 683
241: 2, 87, 90, 166, 241, 397, 449, 465, 531, 663, 677
242: 242
243: 243, 537
244: 244
245: 95, 245
246: 10, 246, 286, 646, 679
247: 16, 247
248: 248, 725, 740
249: 9, 249, 256, 359, 611
250: 250
251: 2, 11, 12, 25, 49, 57, 64, 87, 94, 111, 166, 174, 180, 189, 227, 237, 251, 259, 294, 339, 362, 363, 381, 387, 390, 397, 401, 449, 496, 500, 501, 509, 531, 540, 545, 547, 580, 591, 607, 663, 673, 683, 685, 700, 706, 710, 766, 771, 778, 786
252: 252
253: 46, 253, 577
254: 52, 79, 111, 142, 185, 198, 227, 237, 254, 259, 335, 349, 358, 368, 399, 401, 474, 477, 497, 535, 580, 616, 618, 630, 631, 638, 658, 685, 692, 696, 700, 717, 723, 781, 798
255: 25, 101, 111, 148, 189, 255, 316, 377, 396, 431, 515, 540, 568, 570, 632, 703, 706, 725
256: 249, 256, 359
257: 223, 257, 570
258: 258
259: 2, 52, 79, 80, 87, 94, 111, 166, 174, 198, 199, 237, 251, 254, 259, 296, 335, 362, 368, 401, 449, 496, 497, 500, 535, 540, 545, 547, 569, 580, 607, 618, 631, 659, 663, 673, 685, 692, 700, 710, 766
260: 260
261: 261
262: 262, 323, 428, 559, 603, 605
263: 263
264: 264, 495
265: 265, 695
266: 120, 266, 437
267: 267
268: 51, 268
269: 269
270: 132, 270, 539, 665, 711
271: 271, 392, 467, 616, 756
272: 272, 348, 595, 681
273: 273
274: 274, 606
275: 63, 275, 333, 597, 769
276: 276
277: 91, 126, 148, 277, 279, 316, 338, 382, 407, 453, 603, 621, 630, 792
278: 201, 227, 230, 278, 349, 358, 381, 399, 477, 616, 630, 633, 663, 798
279: 126, 148, 151, 181, 183, 200, 227, 277, 279, 323, 338, 396, 407, 453, 552, 574, 603
280: 280
281: 281, 308, 552, 667, 792
282: 159, 282, 559
283: 283
284: 141, 162, 284, 493, 648
285: 150, 285, 374, 653, 757
286: 227, 246, 286, 289, 381, 385, 387, 631, 646
287: 287, 367, 574
288: 288
289: 10, 227, 231, 286, 289, 339, 385, 458, 471, 536, 572, 585, 596, 646, 658, 787
290: 119, 290, 352, 434
291: 183, 197, 291, 396, 587
292: 292, 637
293: 84, 293, 639, 652, 720, 747
294: 2, 12, 15, 25, 111, 251, 294, 325, 363, 373, 390, 435, 462, 509, 540, 591, 627, 706, 766, 784
295: 295
296: 17, 27, 104, 210, 259, 296, 335, 743, 794
297: 297
298: 298
299: 82, 141, 172, 225, 299
300: 300
301: 60, 124, 301, 354, 433, 480, 510, 523, 551, 567, 572, 585, 712
302: 302
303: 303, 345, 388, 731
304: 115, 233, 304, 365, 492, 508, 575
305: 48, 170, 305, 410, 430, 670
306: 225, 306, 527
307: 307
308: 126, 181, 215, 281, 308, 552
309: 309, 327, 487, 644, 653
310: 310
311: 311
312: 108, 128, 168, 207, 312, 344, 491, 507, 672, 722, 728
313: 313
314: 314
315: 72, 315, 580
316: 91, 101, 148, 201, 230, 255, 277, 316, 338, 377, 382, 431, 570, 603, 616, 686, 792
317: 8, 39, 317, 445, 688
318: 137, 221, 318
319: 319, 463
320: 320
321: 321
322: 38, 63, 71, 106, 108, 161, 182, 193, 322, 388, 417, 447, 690, 712, 737, 769, 772
323: 130, 227, 262, 279, 323, 410, 605, 670, 716
324: 324
325: 197, 231, 294, 325, 373, 402, 435, 458, 462, 591, 596, 607, 712
326: 22, 23, 117, 149, 161, 193, 326, 383, 690
327: 115, 121, 129, 309, 327
328: 328
329: 168, 329, 452
330: 103, 217, 330, 376, 579, 734
331: 47, 145, 194, 331, 383, 414, 421, 562, 620, 689, 748
332: 132, 332, 437, 702
333: 275, 333, 417, 769
334: 334
335: 2, 14, 52, 64, 79, 87, 94, 111, 142, 155, 166, 174, 189, 198, 199, 229, 237, 254, 259, 296, 335, 358, 362, 363, 368, 381, 401, 449, 496, 497, 531, 535, 540, 545, 569, 580, 607, 618, 631, 659, 663, 673, 685, 692, 700, 706, 710, 717, 766, 781, 787
336: 156, 336
337: 236, 337, 356, 420
338: 101, 148, 277, 279, 316, 338, 407, 603, 792
339: 87, 111, 227, 237, 251, 289, 339, 500, 547, 638, 658, 766, 771, 778
340: 31, 59, 63, 117, 161, 201, 230, 340, 346, 358, 498, 616, 633, 690, 739
341: 41, 219, 341, 394, 466, 581
342: 32, 342, 374
343: 93, 126, 343, 453
344: 108, 312, 344, 491, 507, 722, 799
345: 303, 345, 388, 731
346: 340, 346, 437, 690
347: 182, 347, 388, 417, 737
348: 97, 272, 348, 619
349: 79, 142, 198, 201, 227, 230, 237, 254, 278, 349, 358, 385, 399, 401, 474, 477, 535, 545, 550, 569, 616, 630, 631, 633, 638, 659, 685, 692, 696, 700, 717, 723, 781, 798
350: 350, 424
351: 6, 11, 72, 139, 215, 351, 362, 515, 535, 552, 570, 589, 659, 667
352: 119, 290, 352
353: 353
354: 60, 124, 301, 354, 402, 458, 480, 510, 523, 551, 567, 572, 585, 712
355: 355
356: 149, 179, 218, 337, 356, 383, 420, 421, 796
357: 129, 357, 606
358: 79, 142, 174, 198, 199, 201, 229, 230, 254, 278, 335, 340, 349, 358, 362, 399, 401, 449, 474, 477, 501, 535, 545, 616, 630, 631, 633, 659, 673, 685, 692, 696, 700, 710, 717, 723, 752, 781, 798
359: 122, 249, 256, 359
360: 136, 360
361: 361
362: 2, 12, 14, 25, 52, 57, 64, 94, 142, 155, 166, 174, 199, 229, 230, 237, 251, 259, 335, 351, 358, 362, 363, 368, 397, 401, 449, 496, 497, 501, 515, 531, 535, 540, 545, 547, 569, 580, 607, 618, 659, 663, 673, 685, 700, 706, 710, 717
363: 2, 3, 12, 15, 25, 49, 57, 80, 87, 94, 105, 111, 166, 174, 180, 189, 230, 251, 294, 335, 362, 363, 381, 390, 397, 401, 413, 435, 444, 464, 496, 501, 509, 531, 540, 545, 547, 591, 616, 627, 645, 663, 673, 700, 706, 766, 778, 798
364: 364
365: 39, 304, 365, 445, 492, 508, 575
366: 37, 366
367: 287, 367, 574, 603, 621, 651
368: 49, 52, 254, 259, 335, 362, 368, 401, 496, 497, 501, 535, 545, 547, 569, 580, 618, 659, 673, 700, 710, 766, 778
369: 369
370: 143, 370, 525
371: 371
372: 372
373: 15, 138, 294, 325, 373, 390, 435, 462
374: 285, 342, 374
375: 119, 375
376: 330, 376
377: 101, 148, 183, 211, 255, 316, 377, 396, 407, 431, 456, 485, 518, 570, 713, 773, 792
378: 378, 680
379: 96, 149, 179, 193, 218, 379, 383, 413, 420, 689, 796
380: 380, 693
381: 64, 87, 94, 111, 166, 180, 189, 230, 251, 278, 286, 335, 363, 381, 397, 401, 449, 477, 501, 531, 540, 547, 616, 618, 659, 663, 683, 700, 706, 766, 787, 798
382: 148, 277, 316, 382, 515, 552, 621, 717, 732, 792
383: 47, 59, 96, 145, 149, 179, 193, 195, 218, 326, 331, 356, 379, 383, 414, 420, 421, 498, 689, 706, 748, 755, 776, 796
384: 47, 194, 384, 675
385: 70, 227, 286, 289, 349, 385, 399, 458, 471, 474, 536, 585, 596, 633, 638, 646, 784, 798
386: 1, 60, 220, 386, 433, 789
387: 251, 286, 387, 580, 683, 766, 778
388: 106, 182, 303, 322, 345, 347, 388, 447, 526, 643, 656, 737
389: 389
390: 2, 15, 41, 80, 87, 174, 251, 294, 363, 373, 390, 395, 413, 435, 500, 509, 540, 591, 627, 766, 771
391: 391
392: 271, 392, 468, 482, 615
393: 393
394: 3, 41, 50, 105, 137, 219, 221, 341, 394, 422, 466, 581, 673, 704, 719, 749
395: 41, 80, 85, 174, 390, 395, 422, 435, 444, 509, 545, 580
396: 101, 151, 183, 240, 255, 279, 291, 377, 396, 407, 570, 587, 603, 713, 773
397: 2, 12, 14, 25, 57, 64, 87, 94, 111, 155, 166, 180, 189, 199, 201, 230, 241, 251, 362, 363, 381, 397, 401, 416, 449, 496, 501, 531, 540, 547, 616, 618, 659, 663, 683, 700, 706, 710, 766, 778, 787
398: 398, 597, 772
399: 12, 15, 49, 64, 79, 111, 142, 166, 189, 201, 213, 227, 230, 254, 278, 349, 358, 385, 399, 471, 474, 477, 501, 531, 540, 547, 565, 616, 630, 633, 638, 663, 690, 692, 706, 717, 756, 781, 798
400: 400, 644
401: 2, 14, 52, 64, 79, 87, 94, 104, 111, 139, 142, 155, 166, 174, 180, 189, 198, 199, 229, 237, 251, 254, 259, 335, 349, 358, 362, 363, 368, 381, 397, 401, 449, 496, 497, 531, 535, 540, 545, 569, 580, 607, 618, 631, 659, 663, 673, 685, 692, 700, 706, 710, 717, 766, 781, 787
402: 60, 124, 231, 325, 354, 402, 458, 480, 523, 536, 551, 567, 572, 585, 588, 596, 622, 646, 712, 784
403: 403, 539, 711
404: 404
405: 405
406: 43, 406, 487
407: 111, 139, 148, 151, 183, 189, 277, 279, 338, 377, 396, 407, 603, 640, 706
408: 408
409: 409
410: 48, 130, 170, 305, 323, 410, 445, 523, 551, 567, 670
411: 411
412: 412
413: 152, 363, 379, 390, 413, 454, 509
414: 94, 145, 166, 331, 383, 414, 488, 498, 689, 759, 770
415: 36, 217, 415
416: 25, 94, 239, 397, 416, 446, 451, 485, 501, 531, 570, 587, 642, 703
417: 21, 63, 106, 161, 182, 232, 322, 333, 347, 417, 526, 737
418: 418
419: 14, 155, 234, 419, 710, 788
420: 96, 179, 218, 337, 356, 379, 383, 420, 689, 755, 796
421: 31, 47, 59, 109, 145, 149, 194, 331, 356, 383, 421, 549, 550, 562, 748
422: 3, 41, 50, 80, 85, 137, 221, 394, 395, 422, 444, 466, 496, 545, 607, 673
423: 423
424: 350, 424, 668
425: 425, 549
426: 426
427: 427
428: 262, 428, 702, 714
429: 429, 483, 652
430: 305, 430
431: 27, 64, 91, 101, 255, 316, 377, 431, 451, 515, 531, 568, 570, 587, 668, 706, 713, 725
432: 68, 133, 209, 432, 707
433: 60, 124, 301, 386, 433, 444, 523, 551, 567, 572, 588
434: 98, 290, 434
435: 100, 138, 197, 294, 325, 363, 373, 390, 395, 435, 509, 536, 627
436: 436, 744
437: 120, 266, 332, 346, 437, 439
438: 212, 438, 455, 538, 577, 621, 670
439: 120, 437, 439
440: 140, 172, 440
441: 441
442: 113, 442
443: 443
444: 40, 80, 85, 363, 395, 422, 433, 444, 509, 607
445: 8, 39, 48, 130, 317, 365, 410, 445, 492, 508, 575
446: 27, 49, 69, 171, 239, 416, 446, 485, 501, 547, 642, 649, 703
447: 38, 63, 106, 182, 193, 322, 388, 447, 737
448: 40, 448, 509
449: 2, 79, 87, 111, 142, 155, 166, 174, 189, 198, 199, 237, 241, 251, 259, 335, 358, 362, 381, 397, 401, 449, 496, 497, 531, 535, 545, 580, 618, 631, 659, 663, 673, 685, 700, 710, 717, 766, 781
450: 108, 450, 600, 682
451: 25, 27, 214, 239, 416, 431, 451, 485, 703, 706
452: 168, 329, 452, 672
453: 91, 126, 148, 151, 181, 277, 279, 343, 453, 603
454: 81, 413, 454
455: 212, 438, 455, 541, 664
456: 377, 456, 518, 610, 625, 773, 792
457: 457, 707
458: 60, 231, 289, 325, 354, 385, 402, 458, 471, 523, 536, 551, 567, 572, 585, 596, 646, 658, 679, 712, 771, 784
459: 459
460: 0, 460, 461, 541, 774
461: 460, 461, 561, 664
462: 294, 325, 373, 462
463: 319, 463
464: 3, 12, 15, 40, 105, 363, 464, 509, 645
465: 241, 465, 608, 677, 727
466: 3, 41, 50, 79, 105, 137, 219, 221, 341, 394, 422, 466, 581, 673, 719, 749
467: 271, 467, 475, 756
468: 160, 392, 468, 615
469: 469, 686
470: 470, 763
471: 289, 385, 399, 458, 471, 477, 585, 596, 638, 646, 784
472: 472
473: 473
474: 79, 142, 181, 198, 227, 237, 254, 349, 358, 385, 399, 474, 535, 580, 618, 631, 633, 659, 685, 692, 696, 717, 723, 781
475: 467, 475
476: 476
477: 12, 15, 49, 64, 79, 111, 142, 166, 189, 201, 227, 230, 254, 278, 349, 358, 381, 399, 471, 477, 540, 547, 565, 616, 630, 633, 638, 658, 663, 692, 706, 717, 756, 781, 798
478: 478
479: 479
480: 60, 79, 146, 231, 301, 354, 402, 480, 523, 551, 567, 588, 596, 692, 696, 712
481: 481
482: 234, 392, 482, 516, 615, 650
483: 429, 483
484: 484
485: 12, 25, 27, 83, 171, 239, 377, 416, 446, 451, 485, 642, 703, 713
486: 231, 486, 596
487: 7, 309, 406, 487, 525, 644
488: 9, 414, 488, 637, 640, 657, 684
489: 108, 168, 182, 489, 491, 600, 682, 728
490: 490
491: 108, 312, 344, 489, 491, 507, 600
492: 39, 115, 304, 365, 445, 492, 508, 575
493: 141, 284, 493
494: 494, 598
495: 84, 264, 495, 688, 799
496: 2, 12, 14, 25, 41, 52, 79, 87, 111, 142, 155, 166, 174, 180, 189, 199, 229, 237, 251, 259, 335, 362, 363, 368, 397, 401, 422, 449, 496, 497, 531, 535, 540, 545, 569, 580, 607, 618, 631, 659, 663, 673, 685, 692, 700, 706, 710, 766, 781
497: 2, 49, 52, 64, 174, 229, 237, 254, 259, 335, 362, 368, 401, 449, 496, 497, 500, 535, 540, 545, 547, 569, 580, 607, 673, 685, 700, 781, 786
498: 47, 59, 145, 149, 179, 340, 383, 414, 498, 689, 748, 755, 759
499: 499
500: 2, 12, 15, 25, 49, 52, 64, 87, 94, 111, 180, 251, 259, 339, 390, 497, 500, 501, 509, 540, 547, 568, 580, 591, 638, 706, 766, 771, 778, 786
501: 2, 11, 12, 15, 25, 49, 57, 59, 64, 87, 94, 111, 166, 180, 201, 230, 240, 251, 358, 362, 363, 368, 381, 397, 399, 416, 446, 500, 501, 531, 535, 540, 545, 547, 569, 580, 632, 633, 642, 645, 649, 663, 683, 706, 710, 766, 778, 786, 787
502: 502
503: 72, 139, 215, 503, 518
504: 90, 186, 504
505: 505
506: 506, 657
507: 128, 312, 344, 491, 507, 722
508: 233, 304, 365, 445, 492, 508, 575
509: 2, 15, 40, 80, 94, 105, 174, 251, 294, 363, 390, 395, 413, 435, 444, 448, 464, 500, 509, 591, 766, 778
510: 301, 354, 510
511: 511, 527
512: 512, 635
513: 6, 513, 660
514: 100, 514
515: 14, 72, 139, 229, 255, 351, 362, 382, 431, 515, 535, 673, 685, 717
516: 482, 516, 650
517: 24, 517, 716
518: 72, 139, 211, 215, 377, 456, 503, 518, 589, 713
519: 19, 519
520: 520
521: 521
522: 47, 109, 149, 522, 562, 748
523: 60, 124, 227, 231, 301, 354, 402, 410, 433, 458, 480, 523, 541, 551, 567, 572, 585, 588, 658, 712, 737
524: 524
525: 370, 487, 525, 774
526: 26, 63, 71, 232, 388, 417, 526, 600, 656, 737
527: 306, 511, 527
528: 27, 239, 528, 649, 783
529: 529
530: 43, 61, 192, 530
531: 2, 12, 25, 49, 57, 64, 87, 94, 111, 142, 155, 166, 180, 189, 201, 229, 230, 239, 241, 251, 335, 362, 363, 381, 397, 399, 401, 416, 431, 449, 496, 501, 531, 535, 540, 545, 547, 570, 616, 630, 633, 659, 663, 673, 685, 700, 706, 710, 766, 786, 787, 798
532: 4, 168, 532, 544
533: 61, 533, 747
534: 534
535: 14, 52, 64, 87, 94, 142, 155, 166, 198, 199, 201, 229, 237, 254, 259, 335, 349, 351, 358, 362, 368, 401, 449, 474, 496, 497, 501, 515, 531, 535, 545, 547, 569, 580, 618, 631, 633, 659, 663, 673, 685, 700, 710, 717, 723, 781, 787
536: 71, 124, 138, 227, 231, 289, 385, 402, 435, 458, 536, 572, 585, 596, 646, 658, 784
537: 243, 537
538: 146, 170, 438, 538
539: 270, 403, 539, 711
540: 2, 12, 15, 25, 49, 57, 64, 79, 87, 94, 111, 166, 180, 189, 201, 251, 255, 259, 294, 335, 362, 363, 381, 390, 397, 399, 401, 477, 496, 497, 500, 501, 531, 540, 545, 547, 591, 607, 616, 618, 630, 658, 663, 673, 677, 685, 700, 706, 766, 771, 786, 787, 798
541: 124, 146, 455, 460, 523, 541, 551, 567, 712
542: 542
543: 205, 543, 707, 729
544: 20, 532, 544, 600, 767
545: 2, 6, 12, 14, 52, 87, 94, 155, 166, 174, 180, 189, 199, 229, 237, 251, 259, 335, 349, 358, 362, 363, 368, 395, 401, 422, 449, 496, 497, 501, 531, 535, 540, 545, 547, 569, 580, 607, 618, 659, 673, 685, 700, 710, 766, 778, 781
546: 546
547: 2, 11, 12, 15, 25, 49, 52, 57, 64, 87, 94, 111, 164, 166, 180, 189, 229, 251, 259, 339, 362, 363, 368, 381, 397, 399, 446, 477, 497, 500, 501, 531, 535, 540, 545, 547, 569, 580, 616, 630, 638, 663, 673, 683, 706, 766, 771, 778, 786, 798
548: 9, 548, 640
549: 421, 425, 549
550: 31, 47, 109, 349, 421, 550, 690, 748, 760
551: 48, 60, 124, 146, 227, 231, 301, 354, 402, 410, 433, 458, 480, 523, 541, 551, 567, 572, 588, 658, 712, 737
552: 126, 139, 148, 181, 215, 279, 281, 308, 351, 382, 552, 559, 603, 621, 665, 667, 732, 792
553: 553, 775
554: 554
555: 207, 555
556: 556, 593
557: 557
558: 88, 558
559: 17, 113, 159, 262, 282, 552, 559, 605, 665
560: 560
561: 0, 461, 561
562: 47, 331, 421, 522, 562, 689, 748
563: 563
564: 564
565: 111, 142, 180, 198, 201, 227, 230, 399, 477, 565, 616, 630, 633, 692, 717, 798
566: 206, 566
567: 60, 124, 227, 231, 301, 354, 402, 410, 433, 458, 480, 523, 541, 551, 567, 572, 588, 658, 712, 737
568: 27, 29, 91, 151, 255, 431, 500, 568, 725, 794
569: 12, 14, 15, 25, 49, 50, 52, 64, 142, 155, 166, 210, 229, 259, 335, 349, 362, 368, 401, 496, 497, 501, 535, 545, 547, 569, 580, 607, 659, 673, 685, 700, 706, 710, 717, 781, 786
570: 11, 72, 101, 148, 166, 239, 255, 257, 316, 351, 377, 396, 416, 431, 531, 570, 587, 637, 713, 725, 773
571: 571, 741
572: 60, 124, 231, 289, 301, 354, 402, 433, 458, 523, 536, 551, 567, 572, 585, 646
573: 573, 708
574: 126, 197, 279, 287, 367, 574, 577, 603
575: 39, 233, 304, 365, 445, 492, 508, 575
576: 576
577: 93, 200, 253, 438, 574, 577
578: 578
579: 3, 103, 330, 579
580: 49, 52, 174, 199, 237, 251, 254, 259, 315, 335, 362, 368, 387, 395, 401, 449, 474, 496, 497, 500, 501, 535, 545, 547, 569, 580, 618, 631, 659, 673, 685, 700, 710, 766, 778
581: 3, 85, 105, 137, 174, 219, 221, 341, 394, 466, 581, 719, 749
582: 582, 587
583: 583, 584
584: 583, 584
585: 231, 289, 301, 354, 385, 402, 458, 471, 523, 536, 572, 585, 596, 622, 646, 712, 784
586: 586
587: 11, 72, 94, 183, 239, 291, 396, 416, 431, 570, 582, 587, 589, 668, 713, 725
588: 60, 124, 198, 212, 231, 402, 433, 480, 523, 551, 567, 588, 631, 692, 712
589: 6, 42, 72, 351, 518, 587, 589
590: 590
591: 2, 15, 25, 41, 80, 111, 174, 251, 294, 325, 363, 390, 500, 509, 540, 591, 706, 766
592: 592, 598, 625, 773
593: 556, 593, 754
594: 133, 209, 594, 604
595: 272, 595
596: 16, 231, 289, 325, 385, 402, 458, 471, 480, 486, 536, 585, 596, 622, 630, 646, 712, 716, 784, 798
597: 275, 398, 597
598: 183, 494, 592, 598, 625
599: 141, 599
600: 71, 108, 125, 168, 450, 489, 491, 526, 544, 600
601: 601
602: 602, 619
603: 126, 148, 262, 277, 279, 316, 338, 367, 396, 407, 453, 552, 574, 603, 621, 732
604: 594, 604
605: 126, 262, 323, 559, 605
606: 121, 274, 357, 606, 762
607: 14, 49, 57, 79, 85, 111, 199, 237, 251, 259, 325, 335, 362, 401, 422, 444, 496, 497, 540, 545, 569, 607, 673, 685, 692, 700, 706, 710
608: 465, 608, 677, 727
609: 609
610: 103, 456, 610, 773
611: 9, 249, 611
612: 612
613: 613
614: 614
615: 160, 392, 468, 482, 615
616: 25, 57, 64, 79, 87, 94, 111, 142, 148, 166, 189, 198, 201, 227, 230, 254, 271, 278, 316, 340, 349, 358, 363, 381, 397, 399, 477, 531, 540, 547, 565, 616, 630, 631, 633, 638, 658, 663, 692, 706, 717, 723, 781, 787, 798
617: 617
618: 17, 79, 87, 111, 155, 198, 199, 237, 254, 259, 335, 362, 368, 381, 397, 401, 449, 474, 496, 535, 540, 545, 580, 618, 631, 659, 663, 673, 685, 692, 700, 710, 766
619: 97, 348, 602, 619
620: 145, 194, 218, 331, 620
621: 79, 148, 212, 277, 367, 382, 438, 552, 603, 621, 692, 732, 792
622: 10, 231, 402, 585, 596, 622, 679
623: 623
624: 624
625: 183, 456, 592, 598, 625, 773
626: 626
627: 100, 138, 294, 363, 390, 435, 627
628: 7, 628, 799
629: 629
630: 12, 25, 49, 64, 79, 94, 111, 142, 148, 166, 189, 198, 201, 227, 230, 254, 277, 278, 349, 358, 399, 477, 531, 540, 547, 565, 596, 616, 630, 631, 633, 638, 658, 663, 692, 696, 706, 712, 717, 781, 784, 798
631: 79, 111, 113, 142, 185, 198, 201, 227, 230, 237, 254, 259, 286, 335, 349, 358, 401, 449, 474, 496, 535, 580, 588, 616, 618, 630, 631, 633, 659, 685, 692, 696, 700, 717, 723, 732, 781, 798
632: 25, 178, 240, 255, 501, 632, 703, 725
633: 64, 94, 148, 166, 198, 201, 227, 230, 278, 340, 349, 358, 385, 399, 474, 477, 501, 531, 535, 565, 616, 630, 631, 633, 638, 659, 663, 717, 723, 752, 781, 798
634: 7, 32, 634
635: 512, 635
636: 174, 636
637: 153, 292, 488, 570, 637, 684
638: 49, 64, 79, 87, 111, 189, 201, 213, 227, 254, 339, 349, 385, 399, 471, 477, 500, 547, 616, 630, 633, 638, 658, 692, 756, 771, 778, 798
639: 4, 61, 115, 235, 293, 639, 652, 774
640: 9, 153, 407, 488, 548, 640, 657, 684
641: 641
642: 135, 171, 239, 416, 446, 485, 501, 642, 649
643: 388, 643
644: 309, 400, 487, 644
645: 15, 50, 94, 152, 160, 363, 464, 501, 645, 683
646: 246, 286, 289, 385, 402, 458, 471, 536, 572, 585, 596, 646, 691, 784
647: 647
648: 284, 648
649: 11, 27, 446, 501, 528, 642, 649, 703
650: 482, 516, 650, 677
651: 367, 651, 735
652: 4, 168, 293, 429, 639, 652, 747, 774
653: 121, 150, 285, 309, 653
654: 654
655: 19, 655, 709
656: 106, 182, 388, 526, 656, 772
657: 488, 506, 640, 657
658: 10, 23, 79, 111, 189, 201, 227, 231, 254, 289, 339, 458, 477, 523, 536, 540, 551, 567, 616, 630, 638, 658, 692, 696, 712, 771, 798
659: 17, 87, 94, 111, 142, 155, 166, 198, 199, 201, 229, 237, 259, 335, 349, 351, 358, 362, 368, 381, 397, 401, 449, 474, 496, 531, 535, 545, 569, 580, 618, 631, 633, 659, 663, 673, 685, 692, 700, 706, 710, 717, 723, 781
660: 513, 660
661: 661, 674
662: 662
663: 2, 12, 25, 49, 57, 64, 87, 94, 111, 142, 155, 166, 180, 189, 199, 201, 227, 230, 237, 241, 251, 259, 278, 335, 362, 363, 381, 397, 399, 401, 449, 477, 496, 501, 531, 535, 540, 547, 616, 618, 630, 633, 659, 663, 673, 685, 700, 706, 710, 766, 778, 787, 798
664: 455, 461, 664
665: 270, 552, 559, 665
666: 666
667: 139, 240, 281, 351, 552, 667
668: 424, 431, 587, 668, 725, 773
669: 669
670: 24, 48, 130, 170, 305, 323, 410, 438, 670
671: 671
672: 168, 312, 452, 672, 682, 728
673: 2, 12, 14, 15, 25, 49, 50, 52, 57, 64, 79, 94, 111, 142, 155, 166, 174, 189, 199, 229, 251, 259, 335, 358, 362, 363, 368, 394, 401, 422, 449, 466, 496, 497, 515, 531, 535, 540, 545, 547, 569, 580, 607, 618, 659, 663, 673, 685, 692, 700, 706, 710, 717, 766, 781
674: 172, 661, 674
675: 384, 675
676: 676
677: 2, 12, 90, 166, 234, 241, 465, 540, 608, 650, 677, 706
678: 678
679: 10, 231, 246, 458, 622, 679
680: 378, 680
681: 272, 681
682: 37, 99, 108, 450, 489, 672, 682, 728
683: 25, 57, 94, 164, 180, 240, 251, 381, 387, 397, 501, 547, 645, 683, 778
684: 488, 637, 640, 684
685: 2, 14, 49, 79, 87, 94, 111, 142, 155, 166, 180, 189, 198, 199, 227, 229, 237, 251, 254, 259, 335, 349, 358, 362, 401, 449, 474, 496, 497, 515, 531, 535, 540, 545, 569, 580, 607, 618, 631, 659, 663, 673, 685, 692, 696, 700, 706, 710, 717, 781
686: 316, 469, 686
687: 687
688: 317, 495, 688
689: 47, 59, 96, 145, 149, 331, 379, 383, 414, 420, 498, 562, 689, 748, 776, 796
690: 31, 59, 63, 149, 161, 193, 213, 322, 326, 340, 346, 399, 550, 690
691: 646, 691
692: 79, 111, 142, 185, 189, 198, 201, 227, 237, 254, 259, 335, 349, 358, 399, 401, 474, 477, 480, 496, 565, 588, 607, 616, 618, 621, 630, 631, 638, 658, 659, 673, 685, 692, 696, 700, 712, 717, 781, 784, 798
693: 380, 693
694: 227, 694
695: 265, 695
696: 79, 142, 185, 198, 201, 227, 254, 349, 358, 474, 480, 630, 631, 658, 685, 692, 696, 717, 723, 781, 798
697: 177, 697
698: 698
699: 699
700: 14, 17, 52, 79, 87, 94, 111, 142, 155, 166, 189, 198, 199, 229, 237, 251, 254, 259, 335, 349, 358, 362, 363, 368, 381, 397, 401, 449, 496, 497, 531, 535, 540, 545, 569, 580, 607, 618, 631, 659, 663, 673, 685, 692, 700, 706, 710, 717, 766, 781
701: 22, 701
702: 78, 132, 332, 428, 702
703: 25, 27, 189, 255, 416, 446, 451, 485, 632, 649, 703, 706, 794
704: 137, 221, 394, 704
705: 705
706: 2, 12, 14, 25, 49, 57, 64, 87, 94, 111, 142, 155, 164, 166, 180, 189, 201, 229, 230, 251, 255, 294, 335, 362, 363, 381, 383, 397, 399, 401, 407, 431, 451, 477, 496, 500, 501, 531, 540, 547, 569, 591, 607, 616, 630, 659, 663, 673, 677, 685, 700, 703, 706, 710, 766, 771, 778, 787, 798
707: 432, 457, 543, 707
708: 573, 708, 745
709: 19, 655, 709
710: 14, 25, 94, 155, 166, 198, 199, 237, 251, 259, 335, 358, 362, 368, 397, 401, 419, 449, 496, 501, 531, 535, 545, 569, 580, 607, 618, 659, 663, 673, 685, 700, 706, 710, 717, 723
711: 270, 403, 539, 711
712: 60, 106, 124, 227, 231, 301, 322, 325, 354, 402, 458, 480, 523, 541, 551, 567, 585, 588, 596, 630, 658, 692, 712, 798
713: 101, 139, 377, 396, 431, 485, 518, 570, 587, 713, 773
714: 428, 714, 731
715: 715
716: 24, 130, 323, 517, 596, 716
717: 14, 79, 109, 142, 155, 185, 198, 201, 229, 230, 254, 335, 349, 358, 362, 382, 399, 401, 449, 474, 477, 515, 535, 565, 569, 616, 630, 631, 633, 659, 673, 685, 692, 696, 700, 710, 717, 723, 752, 781, 792, 798
718: 718
719: 3, 105, 394, 466, 581, 719
720: 235, 293, 720, 754
721: 150, 163, 206, 721
722: 312, 344, 507, 722
723: 79, 142, 198, 199, 201, 254, 349, 358, 474, 535, 616, 631, 633, 659, 696, 710, 717, 723, 752
724: 724
725: 248, 255, 431, 568, 570, 587, 632, 668, 725
726: 726
727: 465, 608, 727
728: 168, 312, 489, 672, 682, 728
729: 205, 543, 729
730: 61, 121, 730, 747
731: 303, 345, 714, 731
732: 113, 148, 198, 382, 552, 603, 621, 631, 732, 792
733: 733, 734
734: 330, 733, 734
735: 231, 651, 735
736: 736, 791
737: 63, 71, 106, 124, 182, 322, 347, 388, 417, 447, 523, 526, 551, 567, 737
738: 738
739: 31, 63, 71, 193, 340, 739
740: 248, 740, 750
741: 83, 238, 571, 741
742: 742
743: 17, 72, 215, 296, 743, 763
744: 18, 436, 744
745: 708, 745
746: 746
747: 61, 84, 293, 533, 652, 730, 747
748: 47, 59, 96, 145, 149, 331, 383, 421, 498, 522, 550, 562, 689, 748
749: 3, 105, 137, 221, 394, 466, 581, 749
750: 740, 750
751: 751
752: 142, 358, 633, 717, 723, 752
753: 203, 753, 790
754: 235, 593, 720, 754
755: 117, 383, 420, 498, 755, 759, 770
756: 64, 271, 399, 467, 477, 638, 756
757: 150, 285, 757
758: 758
759: 59, 117, 414, 498, 755, 759, 770
760: 31, 550, 760
761: 761
762: 606, 762
763: 135, 470, 743, 763
764: 764
765: 765
766: 2, 12, 25, 49, 57, 80, 87, 94, 105, 111, 166, 174, 180, 189, 251, 259, 294, 335, 339, 363, 368, 381, 387, 390, 397, 401, 449, 496, 500, 501, 509, 531, 540, 545, 547, 580, 591, 618, 663, 673, 700, 706, 766, 771, 778, 786, 787
767: 108, 161, 544, 767
768: 768
769: 31, 63, 275, 322, 333, 769
770: 23, 414, 755, 759, 770, 796
771: 57, 64, 87, 111, 164, 189, 227, 251, 339, 390, 458, 500, 540, 547, 638, 658, 706, 766, 771, 798
772: 106, 182, 188, 206, 232, 322, 398, 656, 772
773: 101, 103, 183, 377, 396, 456, 570, 592, 610, 625, 668, 713, 773
774: 168, 460, 525, 639, 652, 774
775: 553, 775
776: 187, 383, 689, 776
777: 777
778: 2, 11, 15, 25, 49, 52, 87, 94, 166, 180, 251, 339, 363, 368, 387, 397, 500, 501, 509, 545, 547, 580, 638, 663, 683, 706, 766, 778, 786
779: 779
780: 780
781: 64, 79, 111, 142, 198, 201, 229, 230, 237, 254, 335, 349, 358, 399, 401, 449, 474, 477, 496, 497, 535, 545, 569, 616, 630, 631, 633, 659, 673, 685, 692, 696, 700, 717, 781, 798
782: 782
783: 528, 783
784: 79, 231, 294, 385, 402, 458, 471, 536, 585, 596, 630, 646, 692, 784, 798
785: 785
786: 2, 12, 15, 25, 49, 52, 64, 111, 251, 497, 500, 501, 531, 540, 547, 569, 766, 778, 786
787: 64, 87, 94, 111, 166, 189, 230, 289, 335, 381, 397, 401, 501, 531, 535, 540, 616, 663, 706, 766, 787
788: 14, 155, 234, 419, 788
789: 386, 789
790: 753, 790
791: 736, 791
792: 139, 142, 148, 277, 281, 316, 338, 377, 382, 456, 552, 621, 717, 732, 792
793: 793
794: 27, 111, 296, 568, 703, 794
795: 28, 34, 132, 795
796: 96, 149, 179, 193, 218, 356, 379, 383, 420, 689, 770, 796
797: 797
798: 22, 25, 57, 64, 79, 87, 111, 142, 148, 166, 189, 198, 201, 227, 230, 254, 278, 349, 358, 363, 381, 385, 399, 477, 531, 540, 547, 565, 596, 616, 630, 631, 633, 638, 658, 663, 692, 696, 706, 712, 717, 771, 781, 784, 798
799: 7, 344, 495, 628, 799
edgeCount: 6852
