0: 0, 75
1: 1, 3, 7, 12, 17, 21, 37, 48, 56, 57, 87, 93, 95, 118, 132, 137, 145, 149, 159
2: 2, 96, 131
3: 1, 3, 7, 12, 17, 26, 37, 40, 48, 57, 87, 93, 95, 118, 137, 144, 145, 149, 153, 159
4: 4, 30, 31, 36, 69, 103, 104, 154, 158
5: 5, 46, 70, 134
6: 6, 33, 94, 107, 121
7: 1, 3, 7, 12, 13, 17, 21, 26, 37, 40, 48, 57, 67, 87, 92, 93, 95, 118, 132, 137, 144, 145, 149, 159
8: 8, 11, 29, 35, 147
9: 9, 105
10: 10, 12, 95, 123, 153
11: 8, 11
12: 1, 3, 7, 10, 12, 13, 17, 21, 26, 37, 40, 48, 56, 57, 67, 87, 92, 93, 95, 104, 118, 132, 137, 144, 145, 149, 153, 159
13: 7, 12, 13, 26, 30, 36, 37, 43, 49, 57, 92, 93, 104, 118, 124
14: 14, 85, 127
15: 15
16: 16, 28, 56, 67, 69, 90, 91, 119, 147, 154, 157
17: 1, 3, 7, 12, 17, 21, 26, 37, 40, 48, 56, 57, 67, 87, 91, 92, 93, 95, 118, 124, 132, 137, 144, 145, 149, 159
18: 18, 24, 46, 55
19: 19, 20, 108, 153
20: 19, 20, 108
21: 1, 7, 12, 17, 21, 37, 48, 49, 56, 57, 67, 87, 93, 95, 118, 132, 137, 159
22: 22, 94, 105, 107, 140
23: 23, 88
24: 18, 24, 46, 71, 134
25: 25
26: 3, 7, 12, 13, 17, 26, 37, 40, 48, 57, 87, 93, 95, 118, 144, 149
27: 27
28: 16, 28, 69, 90, 91, 119, 147, 157
29: 8, 29, 35
30: 4, 13, 30, 56, 92, 104, 124
31: 4, 31, 69, 105, 154, 157, 158
32: 32, 106, 139
33: 6, 33
34: 34, 41
35: 8, 29, 35
36: 4, 13, 36, 91
37: 1, 3, 7, 12, 13, 17, 21, 26, 37, 40, 48, 56, 57, 64, 87, 93, 95, 118, 132, 137, 144, 145, 149, 159
38: 38
39: 39, 61, 62, 86
40: 3, 7, 12, 17, 26, 37, 40, 48, 87, 93, 95, 118, 137, 144, 145, 149
41: 34, 41
42: 42, 46, 63, 110, 115, 146
43: 13, 43, 49, 92, 104, 124
44: 44, 106, 126, 130
45: 45
46: 5, 18, 24, 42, 46, 63, 70, 71
47: 47
48: 1, 3, 7, 12, 17, 21, 26, 37, 40, 48, 57, 87, 93, 95, 118, 124, 132, 137, 144, 145, 149, 159
49: 13, 21, 43, 49, 92, 104, 124, 159
50: 50
51: 51, 142, 143
52: 52
53: 53
54: 54
55: 18, 55
56: 1, 12, 16, 17, 21, 30, 37, 56, 57, 67, 87, 91, 95, 119, 132, 137, 157, 159
57: 1, 3, 7, 12, 13, 17, 21, 26, 37, 48, 56, 57, 87, 91, 92, 93, 95, 118, 129, 132, 137, 145, 149, 159
58: 58
59: 59
60: 60
61: 39, 61
62: 39, 62, 126
63: 42, 46, 63, 110, 146
64: 37, 64, 86, 101, 126, 129
65: 65
66: 66, 77, 99
67: 7, 12, 16, 17, 21, 56, 67, 87, 94, 95, 119, 132, 137, 157, 159
68: 68, 85, 116, 138, 148
69: 4, 16, 28, 31, 69, 77, 154, 157, 158
70: 5, 46, 70
71: 24, 46, 71
72: 72
73: 73, 126
74: 74
75: 0, 75
76: 76
77: 66, 69, 77, 136
78: 78
79: 79
80: 80
81: 81
82: 82
83: 83
84: 84
85: 14, 68, 85, 116, 134, 138, 148
86: 39, 64, 86, 126, 139
87: 1, 3, 7, 12, 17, 21, 26, 37, 40, 48, 56, 57, 67, 87, 93, 95, 118, 124, 132, 137, 144, 145, 149, 159
88: 23, 88, 97
89: 89
90: 16, 28, 90, 147
91: 16, 17, 28, 36, 56, 57, 91, 157
92: 7, 12, 13, 17, 30, 43, 49, 57, 92, 95, 104, 124, 137, 145, 149
93: 1, 3, 7, 12, 13, 17, 21, 26, 37, 40, 48, 57, 87, 93, 95, 118, 132, 137, 144, 145, 149
94: 6, 22, 67, 94, 105, 132, 137, 140, 157, 159
95: 1, 3, 7, 10, 12, 17, 21, 26, 37, 40, 48, 56, 57, 67, 87, 92, 93, 95, 104, 118, 124, 132, 137, 144, 145, 149, 159
96: 2, 96, 131
97: 88, 97, 146
98: 98
99: 66, 99
100: 100
101: 64, 101, 127, 129
102: 102
103: 4, 103
104: 4, 12, 13, 30, 43, 49, 92, 95, 104, 124, 137, 159
105: 9, 22, 31, 94, 105, 107, 140
106: 32, 44, 106
107: 6, 22, 105, 107, 121, 140, 158
108: 19, 20, 108
109: 109
110: 42, 63, 110, 146
111: 111
112: 112, 126, 128
113: 113, 121
114: 114
115: 42, 115
116: 68, 85, 116, 138, 148
117: 117
118: 1, 3, 7, 12, 13, 17, 21, 26, 37, 40, 48, 57, 87, 93, 95, 118, 129, 132, 137, 144, 145, 149, 159
119: 16, 28, 56, 67, 119, 132, 157, 159
120: 120
121: 6, 107, 113, 121
122: 122, 126, 128
123: 10, 123, 153
124: 13, 17, 30, 43, 48, 49, 87, 92, 95, 104, 124, 144, 145
125: 125
126: 44, 62, 64, 73, 86, 112, 122, 126, 128
127: 14, 101, 127
128: 112, 122, 126, 128, 130
129: 57, 64, 101, 118, 129
130: 44, 128, 130
131: 2, 96, 131
132: 1, 7, 12, 17, 21, 37, 48, 56, 57, 67, 87, 93, 94, 95, 118, 119, 132, 137, 144, 159
133: 133
134: 5, 24, 85, 134, 148
135: 135
136: 77, 136
137: 1, 3, 7, 12, 17, 21, 37, 40, 48, 56, 57, 67, 87, 92, 93, 94, 95, 104, 118, 132, 137, 144, 145, 149, 159
138: 68, 85, 116, 138, 148
139: 32, 86, 139
140: 22, 94, 105, 107, 140
141: 141
142: 51, 142
143: 51, 143
144: 3, 7, 12, 17, 26, 37, 40, 48, 87, 93, 95, 118, 124, 132, 137, 144, 145, 149
145: 1, 3, 7, 12, 17, 37, 40, 48, 57, 87, 92, 93, 95, 118, 124, 137, 144, 145, 149
146: 42, 63, 97, 110, 146
147: 8, 16, 28, 90, 147, 157
148: 68, 85, 116, 134, 138, 148
149: 1, 3, 7, 12, 17, 26, 37, 40, 48, 57, 87, 92, 93, 95, 118, 137, 144, 145, 149, 159
150: 150
151: 151
152: 152
153: 3, 10, 12, 19, 123, 153
154: 4, 16, 31, 69, 154
155: 155
156: 156
157: 16, 28, 31, 56, 67, 69, 91, 94, 119, 147, 157
158: 4, 31, 69, 107, 158
159: 1, 3, 7, 12, 17, 21, 37, 48, 49, 56, 57, 67, 87, 94, 95, 104, 118, 119, 132, 137, 149, 159
edgeCount: 990
