0: 0
1: 301
2: 12, 83, 87, 90, 100, 111, 166, 174, 180, 241, 251, 259, 363, 390, 465, 496, 509, 514, 531, 540, 591, 627, 650, 677, 706, 766
3: 103, 105, 137, 219, 221, 288, 299, 330, 363, 369, 394, 466, 519, 579, 581, 719
4: 43, 51, 115, 129, 168, 268, 293, 303, 324, 327, 345, 495, 510, 530, 532, 576, 639, 652
5: 447, 555
6: 589
7: 32, 563, 634, 799
8: 317, 323, 445, 670
9: 249, 359, 423, 425, 488, 512, 548, 549, 611, 640, 657
10: 246, 679
11: 183, 240, 387, 598, 608, 778
12: 2, 15, 25, 49, 64, 94, 166, 392, 482, 501, 531, 540, 547, 615, 650, 673, 677, 706, 786
13: 612
14: 25, 362, 419, 496, 673, 677, 788
15: 12, 25, 49, 50, 152, 160, 294, 360, 363, 464, 501, 509, 547, 615, 645, 786
16: 307
17: 113, 239, 416, 559, 605, 659, 743, 763
18: 28, 68, 114, 133, 184, 205, 209, 313, 378, 405, 432, 436, 459, 524, 543, 626, 674, 698, 707, 729, 744
19: 56, 97, 141, 158, 225, 260, 272, 288, 299, 355, 369, 413, 454, 519, 655, 662, 698, 699, 709
20: 26, 398, 441, 544, 793
21: 26, 37, 182, 232, 312, 329, 347, 417, 452, 489, 722, 728
22: 23, 109, 185, 193, 326, 366, 701
23: 22, 193, 326, 366, 701
24: 410, 445, 517, 529, 716
25: 12, 14, 15, 57, 94, 166, 234, 392, 501, 540, 547, 677, 706
26: 20, 21, 43, 51, 56, 71, 125, 192, 232, 309, 327, 329, 417, 452, 526, 600, 639, 793
27: 69, 90, 210, 214, 296, 451, 504, 703, 794
28: 18, 34, 68, 114, 459, 490, 524, 736, 753, 791, 795
29: 183, 494
30: 583
31: 109, 117, 161, 185, 252, 340, 366, 550, 690, 760, 769
32: 7, 266, 276, 342, 617, 634, 799
33: 348, 553, 614, 654, 669
34: 28, 68, 114, 209, 242, 459, 490, 736, 764, 791, 795
35: 35
36: 415, 718
37: 21, 213, 366, 682
38: 106, 182, 206, 232, 374, 489, 774
39: 48, 317, 365, 445, 492, 575, 670
40: 85, 100, 138, 435, 444
41: 52, 80, 174, 219, 259, 341, 390, 394, 395, 422, 591, 607
42: 589
43: 4, 26, 51, 61, 115, 143, 304, 327, 329, 370, 375, 406, 530, 576, 623, 761
44: 44
45: 558, 790
46: 253
47: 59, 96, 149, 421, 522, 550, 562, 689, 748
48: 39, 130, 304, 305, 365, 410, 445, 492, 517, 575, 670
49: 12, 15, 52, 64, 497, 500, 501, 504, 547, 569, 778, 786
50: 15, 160, 615, 645
51: 4, 26, 43, 61, 192, 268, 329, 510, 530, 639, 652, 730
52: 41, 49, 174, 259, 390, 496, 497, 500, 545, 569, 580, 786
53: 92, 165, 222, 654, 669
54: 82, 225, 284, 405, 511, 524, 527, 604, 641, 648, 674, 699, 715, 736, 753, 764, 791
55: 303, 345, 403, 593, 754
56: 19, 26, 133, 141, 156, 162, 188, 236, 260, 272, 348, 355, 454, 493, 546, 595, 599, 643, 655, 662
57: 25, 164
58: 58
59: 47, 96, 149, 195, 340, 356, 383, 498, 689, 748, 759, 768
60: 386, 433, 480, 523, 551, 588
61: 43, 51, 115, 121, 192, 293, 307, 370, 493, 530, 533, 623, 639, 730, 747
62: 66, 131, 156, 158, 320, 519
63: 71, 106, 108, 125, 161, 232, 275, 322, 340, 344, 398, 417, 447, 450, 489, 507, 526, 532, 544, 597, 600, 690, 722, 737, 767, 769
64: 12, 49, 111, 171, 189, 399, 477, 501, 504, 531, 540, 547, 569, 706, 756, 786, 787
65: 77, 157, 761
66: 62, 67, 158, 165
67: 66, 708
68: 18, 28, 34, 114, 133, 209, 306, 403, 408, 432, 436, 454, 459, 490, 511, 524, 527, 543, 583, 674, 698, 707, 729, 736, 744, 762, 791, 795
69: 27, 171, 186, 210, 446, 470, 504
70: 385
71: 26, 63, 108, 121, 125, 161, 192, 232, 309, 322, 327, 398, 417, 447, 450, 502, 526, 532, 544, 600, 737, 739, 772, 793
72: 139, 215, 518, 587, 598
73: 134, 144, 490, 529, 606, 731, 762
74: 610, 734
75: 75
76: 136, 154, 678, 699
77: 65
78: 132, 270, 274, 332, 403, 428, 502, 539, 665, 702, 711, 762, 795
79: 142, 198, 254, 631, 692, 696, 717, 781, 798
80: 41, 174, 363, 390, 509, 591, 766
81: 260, 454, 602, 698
82: 54, 97, 141, 147, 172, 225, 284, 288, 299, 348, 412, 519, 527, 599, 641, 648, 655, 674, 699
83: 2, 90, 135, 166, 238, 239, 262, 360, 416, 485, 531, 558, 571, 642, 741, 743, 763
84: 235, 264, 293, 403, 495, 593, 720, 747
85: 40, 395, 422, 444
86: 783
87: 2, 111, 166, 180, 189, 237, 241, 251, 259, 339, 363, 381, 387, 390, 401, 449, 465, 496, 531, 540, 618, 627, 663, 685, 700, 706, 766, 771, 778
88: 90, 116, 242
89: 264
90: 2, 27, 83, 88, 296, 504, 677, 794
91: 91
92: 53, 156, 336, 423, 499, 584, 657
93: 191, 343, 367
94: 12, 25, 166, 234, 362, 363, 397, 501, 531, 642, 663, 706, 710, 787
95: 95
96: 47, 59, 149, 472, 498, 619, 689, 748
97: 19, 82, 116, 141, 147, 152, 179, 195, 208, 236, 272, 295, 299, 337, 348, 356, 379, 383, 413, 420, 454, 619, 796
98: 119, 375, 434, 495, 556, 688, 762
99: 99
100: 2, 40, 138, 251, 294, 360, 363, 369, 435, 464, 509, 514, 627, 727
101: 178, 211, 377, 518, 570, 587, 625, 647, 713, 773
102: 102
103: 3, 105, 221, 258, 330, 579, 610, 733, 734, 773
104: 104
105: 3, 103, 221, 330, 363, 369, 394, 464, 466, 509, 519, 581, 719, 749
106: 38, 63, 108, 182, 232, 322, 345, 388, 417, 447, 489, 600, 656, 737, 772
107: 414, 759
108: 63, 71, 106, 125, 161, 168, 182, 193, 207, 312, 322, 326, 340, 344, 388, 417, 447, 450, 489, 491, 507, 526, 600, 690, 722, 737, 767, 769
109: 22, 31, 185, 193, 252, 326, 366
110: 123, 141, 154, 299, 369, 514
111: 2, 64, 87, 166, 189, 251, 540, 547, 663, 677, 706, 766, 794
112: 292
113: 17, 442, 559, 605, 665
114: 18, 28, 34, 68, 205, 209, 216, 313, 378, 440, 459, 543, 593, 680, 707, 729, 744, 795
115: 4, 43, 61, 129, 134, 303, 304, 327, 345, 365, 410, 445, 492, 502, 529, 576, 606, 623, 639
116: 88, 97, 149, 179, 242, 356, 379, 383, 384, 393, 413, 454, 796
117: 31, 161, 340, 398, 739, 755, 768
118: 118
119: 98, 290, 352, 370, 375, 434, 495, 533
120: 266, 437, 439
121: 61, 71, 192, 327, 502, 526, 530, 533, 606, 730, 747
122: 256, 266, 359, 425, 437, 439, 549
123: 110, 154, 412, 478
124: 386, 433, 523, 551, 567, 572
125: 26, 63, 71, 108, 161, 168, 193, 232, 309, 322, 326, 327, 366, 417, 450, 502, 526, 544, 595, 600, 690, 739, 793
126: 151, 181, 215, 277, 279, 308, 453, 574, 603
127: 320, 780
128: 275, 312, 333, 344, 507, 722, 769
129: 4, 115, 134, 207, 303, 327, 345, 357, 388, 526, 532, 576, 600, 606, 656, 782, 797
130: 48, 323, 410, 445, 605, 670, 716
131: 62, 423, 624
132: 78, 270, 274, 332, 403, 428, 502, 539, 606, 665, 702, 711, 762, 795
133: 18, 56, 68, 162, 209, 306, 432, 493, 524, 527, 594, 604, 661, 662, 674, 698, 709
134: 73, 115, 129, 274, 303, 327, 345, 357, 490, 502, 529, 576, 600, 606, 623, 731, 762
135: 83, 262, 416, 571, 642, 741, 743, 763
136: 76, 360, 485, 529, 678, 716
137: 3, 221, 318, 394, 466, 581, 704
138: 40, 100, 251, 369, 435, 464, 514, 627
139: 72, 183, 215, 503, 518
140: 172, 216, 334, 378, 440, 457
141: 19, 56, 82, 97, 110, 225, 236, 272, 284, 299, 408, 493, 599, 604, 641, 648
142: 79, 198, 254, 358, 477, 616, 630, 631, 692, 717, 781, 798
143: 43, 370, 576, 623
144: 73, 428, 702
145: 179, 194, 208, 331, 383, 414, 421, 498, 689, 748
146: 146
147: 82, 97, 152, 208, 225, 318, 413, 472, 519, 573, 590, 619
148: 277, 279, 316, 338, 367, 426, 603, 686, 792
149: 47, 59, 96, 116, 179, 195, 356, 379, 383, 393, 498, 522, 619, 689, 690, 748, 796
150: 163, 206, 265, 285, 309, 400, 476, 566, 644, 653, 721, 757
151: 126, 183, 407, 453
152: 15, 97, 147, 208, 413, 519, 619, 645, 715
153: 202, 292, 423, 548, 611, 640, 657, 684
154: 76, 110, 123
155: 199, 397, 401, 419, 449, 545, 659, 710, 788
156: 56, 62, 92, 158, 165, 295, 320, 336, 487, 657
157: 65
158: 19, 62, 66, 156, 267, 320, 336, 527, 573, 583, 654, 669, 724
159: 282, 349, 358
160: 15, 50, 516, 615, 645
161: 31, 63, 71, 108, 117, 125, 193, 274, 322, 326, 333, 340, 366, 398, 417, 439, 544, 597, 690, 760, 767
162: 56, 133, 225, 284, 408, 432, 493
163: 150, 400, 644, 721, 757
164: 57
165: 53, 66, 156, 320, 654, 669
166: 2, 12, 25, 83, 87, 94, 111, 180, 189, 234, 241, 251, 335, 362, 363, 381, 397, 401, 465, 496, 501, 531, 540, 608, 663, 677, 700, 706, 766, 787
167: 375, 403, 539, 556, 593, 688, 714, 731, 754, 762
168: 4, 108, 125, 182, 207, 327, 329, 388, 489, 526, 532, 600, 639, 652, 672, 737, 774
169: 169
170: 365, 410, 670
171: 64, 69, 210, 446, 485, 642
172: 82, 140, 225, 284, 299, 378, 412, 440, 478, 527, 641, 648, 661, 674
173: 218
174: 2, 41, 52, 80, 219, 237, 251, 259, 363, 390, 496, 497, 509, 545, 580, 685, 766
175: 502, 529, 606, 764
176: 782
177: 194, 208
178: 101, 625, 647
179: 97, 116, 145, 149, 193, 194, 195, 208, 356, 379, 383, 413, 414, 420, 454, 498, 689, 755, 770, 796
180: 2, 87, 166, 241, 251, 465, 531, 663, 766
181: 126, 308, 453, 474
182: 21, 38, 106, 108, 168, 193, 232, 322, 388, 417, 447, 489, 526, 600, 656, 737, 772
183: 11, 29, 139, 151, 223, 291, 377, 396, 407, 592, 598, 625, 636, 687, 773
184: 18, 205, 269, 405, 543, 626, 729
185: 22, 31, 109, 366
186: 69, 210, 504, 545, 649
187: 680, 753, 776
188: 56, 236
189: 64, 87, 111, 166, 335, 496, 531, 540, 663, 677, 706, 766, 771
190: 190
191: 93, 200, 277, 319, 343, 367, 453, 463
192: 26, 51, 61, 71, 121, 232, 327, 347, 417, 526, 530, 639, 653, 730, 793
193: 22, 23, 108, 109, 125, 161, 179, 182, 322, 326, 344, 366, 379, 383, 447, 489, 690, 739, 796
194: 145, 177, 179, 195, 208, 331, 421, 498
195: 59, 97, 149, 179, 194, 208, 356, 379, 383, 414, 420, 421, 619, 689
196: 238, 424, 451, 704
197: 291, 435, 574
198: 79, 142, 201, 254, 349, 358, 474, 605, 631, 692, 696, 717, 723
199: 155, 710
200: 191, 279, 577
201: 198, 230, 271, 358, 477, 605, 616, 630, 633, 717, 798
202: 153, 439, 563
203: 753, 764, 790
204: 777
205: 18, 114, 184, 313, 405, 459, 539, 543, 556, 593, 729, 744, 791
206: 38, 150, 232, 566, 644, 653, 656, 721, 772
207: 108, 129, 168, 312, 489, 782
208: 97, 145, 147, 152, 177, 179, 194, 195, 356, 379, 383, 413, 414, 420, 498, 619, 689
209: 18, 34, 68, 114, 133, 313, 432, 459, 511, 527, 543, 594, 599, 604, 661, 674, 699, 707, 729, 736, 764, 791
210: 27, 69, 171, 186, 446, 470, 504, 743
211: 101, 456, 518
212: 212
213: 37, 638, 690
214: 27, 296, 451, 746, 794
215: 72, 126, 139, 308, 503, 518, 598
216: 114, 140, 280, 378, 408, 440, 457, 478, 543, 680, 729
217: 330, 734
218: 173, 620, 697
219: 3, 41, 174, 341, 390, 394, 395, 422, 466, 581
220: 438
221: 3, 103, 105, 137, 318, 394, 466, 581, 704, 749
222: 53, 267, 654
223: 183, 257
224: 224
225: 19, 54, 82, 141, 147, 162, 172, 263, 284, 288, 299, 306, 355, 408, 412, 440, 493, 519, 527, 602, 641, 648, 655, 674, 698, 699, 709
226: 425, 611, 742, 796
227: 286, 289, 323, 467, 536, 605, 631, 638, 646, 658, 798
228: 228
229: 569
230: 201, 271, 278, 358, 467, 605, 616, 630, 633, 717
231: 289, 402, 458, 486, 536, 585, 596, 712
232: 21, 26, 38, 63, 71, 106, 125, 182, 192, 206, 322, 329, 347, 417, 489, 526, 600, 656, 737, 772
233: 243, 293, 304, 307, 508
234: 25, 94, 166, 397, 482, 531, 787
235: 84, 290, 352, 403, 508, 639, 720, 747
236: 56, 97, 141, 188, 272, 337, 348, 379, 595, 619, 643
237: 87, 174, 241, 259, 401, 449, 465, 580, 618, 659, 685, 700
238: 83, 196, 239, 416, 451, 485, 741
239: 17, 83, 238, 416, 424, 451, 485, 505, 571, 642, 741, 743
240: 11, 667, 683
241: 2, 87, 166, 180, 237, 251, 335, 363, 381, 397, 401, 449, 465, 531, 545, 608, 627, 663, 685, 700, 727, 766
242: 34, 88, 116, 599
243: 233, 247, 304, 537
244: 244
245: 245
246: 10, 679
247: 243, 679
248: 431, 725, 740
249: 9, 256, 359, 371, 611
250: 250
251: 2, 87, 100, 111, 138, 166, 174, 180, 241, 259, 363, 387, 390, 435, 465, 500, 509, 514, 528, 540, 591, 627, 663, 766, 778
252: 31, 109, 340
253: 46, 577
254: 79, 142, 198, 349, 358, 399, 474, 477, 631, 638, 692, 756, 781
255: 740
256: 122, 249, 359, 549, 611
257: 223
258: 103, 330, 625, 668, 773
259: 2, 41, 52, 87, 174, 237, 251, 335, 401, 449, 496, 497, 540, 545, 580, 607, 618, 673, 685, 700, 766
260: 19, 56, 81, 454, 662
261: 261
262: 83, 135, 323, 416, 428, 442, 559, 605, 665, 741, 743
263: 225, 306, 519, 626
264: 84, 89, 290, 312, 495
265: 150, 487, 566, 576, 644, 695, 757, 797
266: 32, 120, 122, 342, 437, 539
267: 158, 222, 297, 573, 669, 724
268: 4, 51, 510, 530, 554, 652, 730
269: 184
270: 78, 132, 403, 539, 665, 711, 762
271: 201, 230, 477, 596, 616, 630, 798
272: 19, 56, 97, 141, 236, 348, 454, 595, 599, 600, 602, 643, 655, 681
273: 273
274: 78, 132, 134, 161, 398, 502, 544, 606, 762, 767
275: 63, 128, 333, 489, 507, 769
276: 32, 342
277: 126, 148, 191, 279, 316, 338, 426, 453, 603, 686
278: 230, 286, 467, 475
279: 126, 148, 200, 277, 338, 453, 552, 574, 603
280: 216, 408, 440, 478
281: 308, 552, 792
282: 159, 723
283: 283
284: 54, 82, 141, 162, 172, 225, 299, 408, 409, 412, 443, 493, 511, 527, 599, 604, 641, 648
285: 150, 309, 314, 374, 653, 721, 757
286: 227, 278, 289, 381, 385, 467, 605, 633, 646
287: 367, 574, 603
288: 3, 19, 82, 225, 299, 369, 519, 655, 709
289: 227, 231, 286, 307, 385, 458, 467, 536, 585, 596, 646, 658
290: 119, 235, 264, 352, 375, 403, 434, 539, 556
291: 183, 197, 396, 587, 598, 625, 687, 773
292: 112, 153, 310, 611, 637
293: 4, 61, 84, 233, 530, 533, 639, 652, 720, 730, 747
294: 15, 100, 325, 360, 363, 369, 373, 390, 392, 435, 462, 509, 540, 591, 627
295: 97, 156
296: 27, 90, 214, 743, 794
297: 267, 573, 724
298: 426, 570, 598, 713
299: 3, 19, 82, 97, 110, 141, 172, 225, 284, 288, 369, 412, 519, 527, 599, 641
300: 350, 678, 705
301: 1, 354, 523, 585
302: 487
303: 4, 55, 115, 129, 134, 327, 345, 357, 370, 375, 388, 483, 576, 606, 652, 720, 731, 754, 762
304: 43, 48, 115, 233, 243, 307, 365, 410, 445, 492, 508, 517, 575
305: 48, 430, 445, 670
306: 68, 133, 225, 263, 432, 511, 527, 594, 604, 626, 674, 698, 699
307: 16, 61, 233, 289, 304, 508, 536
308: 126, 181, 215, 281, 453, 552
309: 26, 71, 125, 150, 285, 314, 327, 336, 417, 487, 526, 544, 600, 644, 653, 793, 797
310: 292, 423, 611, 624
311: 318
312: 21, 108, 128, 207, 264, 344, 507, 722, 728
313: 18, 114, 205, 209, 457, 543, 707, 729
314: 285, 309, 653
315: 315
316: 148, 277, 338, 367, 382, 426, 686
317: 8, 39, 445, 688
318: 137, 147, 221, 311, 466
319: 191, 367, 651
320: 62, 127, 156, 158, 165, 336, 657
321: 708, 745, 780
322: 63, 71, 106, 108, 125, 161, 182, 193, 232, 388, 447, 450, 489, 526, 600, 690, 737, 772
323: 8, 130, 227, 262, 410, 428, 442, 445, 605, 716
324: 4, 495, 578
325: 294, 462
326: 22, 23, 108, 109, 125, 161, 193, 366, 489, 550, 690, 760
327: 4, 26, 43, 71, 115, 121, 125, 129, 134, 168, 192, 303, 309, 345, 347, 388, 417, 502, 526, 530, 532, 576, 600, 606, 639, 656, 737, 793
328: 328
329: 21, 26, 43, 51, 168, 232, 417, 452, 600
330: 3, 103, 105, 217, 258, 376, 579, 610, 625, 733, 734, 773
331: 145, 194, 383, 421, 498, 562, 748
332: 78, 132, 340, 428, 437, 502, 539, 558, 665, 702, 711, 790
333: 128, 161, 275, 344, 347, 417, 507, 722
334: 140, 378, 440, 459, 478, 609, 626, 698
335: 166, 189, 241, 259, 362, 401, 449, 496, 531, 545, 618, 659, 663, 673, 685, 700
336: 92, 156, 158, 309, 320, 583, 584, 644, 669, 797
337: 97, 236, 348, 356, 379, 420, 619
338: 148, 277, 279, 316, 603, 792
339: 87, 387, 500, 771, 778
340: 31, 59, 63, 108, 117, 161, 252, 332, 346, 498, 690, 739, 767, 768
341: 41, 219, 394, 466, 581
342: 32, 266, 276, 525, 563
343: 93, 191, 453
344: 63, 108, 128, 193, 312, 333, 403, 417, 489, 491, 507, 722, 769, 799
345: 4, 55, 106, 115, 129, 134, 303, 327, 357, 388, 483, 576, 731, 737, 754, 762
346: 340, 437, 439, 690
347: 21, 192, 232, 327, 333, 417, 452, 722, 737, 793
348: 33, 56, 82, 97, 236, 272, 337, 619, 643
349: 159, 198, 254, 358, 399, 474, 631, 723, 781
350: 300, 424, 470, 704
351: 518, 667
352: 119, 235, 290, 375, 403, 434, 639
353: 353
354: 301, 523, 585
355: 19, 56, 225, 454, 484, 519, 662, 709
356: 59, 97, 116, 149, 179, 195, 208, 337, 379, 383, 393, 420, 619, 689, 796
357: 129, 134, 303, 345, 576, 606, 731, 762
358: 142, 159, 198, 201, 230, 254, 349, 474, 535, 616, 631, 633, 717, 723, 781
359: 9, 122, 249, 256, 423, 425, 512, 548, 549, 611
360: 15, 83, 100, 136, 294, 363, 627, 678
361: 422
362: 14, 94, 166, 335, 401, 419, 496, 545, 673, 700, 710
363: 2, 3, 15, 80, 87, 94, 100, 105, 166, 174, 241, 251, 294, 360, 369, 390, 435, 464, 509, 531, 540, 591, 627, 663, 766
364: 364
365: 39, 48, 115, 170, 304, 410, 445, 492, 517, 575, 670
366: 22, 23, 31, 37, 109, 125, 161, 185, 193, 326, 690, 701
367: 93, 148, 191, 287, 316, 319, 426, 574, 603, 651
368: 501, 535, 545, 547, 569, 580, 683, 778
369: 3, 19, 100, 105, 110, 138, 288, 294, 299, 363, 390, 435, 509, 514, 519, 591, 627, 719
370: 43, 61, 119, 143, 303, 375, 576, 623, 714, 747, 754
371: 249
372: 502, 558, 736, 795
373: 294, 462
374: 38, 285
375: 43, 98, 119, 167, 290, 303, 352, 370, 434, 576, 578, 714, 731, 762
376: 330, 579, 610
377: 101, 183, 396, 407, 456, 570, 625, 713, 773
378: 18, 114, 140, 172, 216, 334, 408, 440, 459, 524, 543, 590, 680
379: 97, 116, 149, 179, 193, 195, 208, 236, 337, 356, 383, 413, 420, 454, 619, 643, 689, 796
380: 667
381: 87, 166, 241, 286, 397, 465, 531, 618, 659, 663, 683, 787
382: 316, 621, 732, 792
383: 59, 97, 116, 145, 149, 179, 193, 195, 208, 331, 356, 379, 414, 420, 421, 619, 689, 776, 796
384: 116, 454, 590, 675, 796
385: 70, 286, 289, 399, 467, 471, 646
386: 60, 124, 433, 523, 588
387: 11, 87, 251, 339, 500, 683, 778
388: 106, 108, 129, 168, 182, 303, 322, 327, 345, 447, 489, 491, 526, 532, 600, 656, 737
389: 389
390: 2, 41, 52, 80, 87, 174, 219, 251, 294, 363, 369, 500, 509, 540, 591, 627, 766
391: 391
392: 12, 25, 294, 468, 482, 615
393: 116, 149, 356, 418, 472, 595, 602, 619
394: 3, 41, 105, 137, 219, 221, 341, 422, 466, 581, 719, 749
395: 41, 85, 219, 422
396: 183, 291, 377, 773
397: 94, 155, 166, 234, 241, 381, 501, 531, 608, 659, 663, 683, 710, 787
398: 20, 63, 71, 117, 161, 274, 544, 597, 767
399: 64, 254, 349, 385, 467, 471, 477, 616, 630, 633, 638, 756, 781, 798
400: 150, 163, 644, 653, 721
401: 87, 155, 166, 237, 241, 259, 335, 362, 449, 465, 496, 531, 545, 618, 659, 663, 673, 685, 700, 788
402: 231, 458, 486, 523, 551, 572, 585, 596, 712, 784
403: 55, 68, 78, 84, 132, 167, 235, 270, 290, 344, 352, 434, 495, 539, 556, 593, 688, 711, 720, 754, 762
404: 721
405: 18, 54, 184, 205, 432, 511, 527, 543, 661, 674, 715, 729, 736, 753, 764, 791
406: 43, 487, 761
407: 151, 183, 377
408: 68, 141, 162, 216, 225, 280, 284, 378, 412, 440, 493, 662
409: 284
410: 24, 48, 115, 130, 170, 304, 323, 365, 445, 492, 517, 523, 670
411: 411
412: 82, 123, 172, 225, 284, 299, 408, 440, 478, 527, 641, 674, 699
413: 19, 97, 116, 147, 152, 179, 208, 379, 454, 472, 519, 590, 619, 662, 796
414: 107, 145, 179, 195, 208, 383, 498
415: 36, 718
416: 17, 83, 135, 238, 239, 262, 424, 485, 505, 571, 642, 741, 743
417: 21, 26, 63, 71, 106, 108, 125, 161, 182, 192, 232, 309, 327, 329, 333, 344, 347, 452, 489, 526, 532, 722, 737, 767
418: 393
419: 14, 155, 362, 710, 788
420: 97, 179, 195, 208, 337, 356, 379, 383, 796
421: 47, 145, 194, 195, 331, 383, 748
422: 41, 85, 219, 361, 394, 395
423: 9, 92, 131, 153, 310, 359, 488, 512, 548, 549, 611, 624, 640, 657, 684
424: 196, 239, 350, 416, 464, 783
425: 9, 122, 226, 359, 512, 548, 549, 611
426: 148, 277, 298, 316, 367, 570, 603, 686
427: 427
428: 78, 132, 144, 262, 323, 332, 529, 539, 558, 702, 711, 714, 731, 736, 762
429: 483, 652
430: 305
431: 248, 725, 740
432: 18, 68, 133, 162, 209, 306, 405, 436, 443, 511, 527, 543, 594, 604, 626, 674, 698, 699, 707, 729, 744, 791
433: 60, 124, 386, 523, 588
434: 98, 119, 290, 352, 375, 403, 539, 556, 754
435: 40, 100, 138, 197, 251, 294, 363, 369, 514, 536, 627
436: 18, 68, 432, 707, 729, 744
437: 120, 122, 266, 332, 346, 439, 611, 637
438: 220
439: 120, 122, 161, 202, 346, 437
440: 114, 140, 172, 216, 225, 280, 334, 378, 408, 412, 478, 543, 674
441: 20
442: 113, 262, 323, 743
443: 284, 432, 511, 527, 594, 604, 715, 736, 791
444: 40, 85
445: 8, 24, 39, 48, 115, 130, 304, 305, 317, 323, 365, 410, 492, 517, 529, 575, 670, 714, 716
446: 69, 171, 210, 485, 642
447: 5, 63, 71, 106, 108, 182, 193, 322, 388, 489, 507, 600, 772
448: 448
449: 87, 155, 237, 241, 259, 335, 401, 465, 496, 545, 618, 659, 663, 685, 700
450: 63, 71, 108, 125, 322, 600, 682, 690, 739
451: 27, 196, 214, 238, 239, 703, 746
452: 21, 26, 329, 347, 417, 639, 672
453: 126, 151, 181, 191, 277, 279, 308, 343, 494
454: 19, 56, 68, 81, 97, 116, 179, 260, 272, 355, 379, 384, 413, 459, 472, 590, 595, 602, 643, 662, 681, 698, 709, 796
455: 455
456: 211, 377, 518, 610, 625, 773
457: 140, 216, 313, 543, 707, 729
458: 231, 289, 402, 471, 486, 517, 523, 536, 585, 596, 712, 784
459: 18, 28, 34, 68, 114, 205, 209, 334, 378, 454, 524, 543, 594, 626, 698, 707, 729, 744, 780, 795
460: 541, 774
461: 664
462: 294, 325, 373
463: 191, 538
464: 15, 100, 105, 138, 363, 424, 509, 615, 645
465: 2, 87, 166, 180, 237, 241, 251, 381, 401, 449, 531, 608, 627, 663, 700, 727, 766
466: 3, 105, 137, 219, 221, 318, 341, 394, 581, 719, 749
467: 227, 230, 278, 286, 289, 385, 399, 471, 475, 477, 633, 638, 646, 756, 787
468: 392
469: 469
470: 69, 210, 350, 763, 777
471: 385, 399, 458, 467, 477, 585, 638, 756
472: 96, 147, 393, 413, 454, 602, 619
473: 473
474: 181, 198, 254, 349, 358, 631, 781
475: 278, 467
476: 150
477: 64, 142, 201, 254, 271, 399, 467, 471, 616, 630, 633, 638, 756, 781, 798
478: 123, 172, 216, 280, 334, 412, 440
479: 617, 695
480: 60
481: 481
482: 12, 234, 392, 615, 650
483: 303, 345, 429, 779
484: 355
485: 83, 136, 171, 238, 239, 416, 446, 505, 642, 741
486: 231, 402, 458, 572, 585, 596
487: 156, 265, 302, 309, 406, 525, 600, 644, 761, 797
488: 9, 423, 611, 637, 640, 684
489: 21, 38, 63, 106, 108, 168, 182, 193, 207, 232, 275, 322, 326, 344, 388, 417, 447, 491, 507, 526, 532, 600, 656, 722, 728
490: 28, 34, 68, 73, 134, 736, 770, 791, 795
491: 108, 344, 388, 489, 507, 720, 722
492: 39, 48, 115, 304, 365, 410, 445, 508, 575, 670
493: 56, 61, 133, 141, 162, 225, 284, 408, 599
494: 29, 453, 592, 598, 625, 636, 671, 687
495: 4, 84, 98, 119, 264, 324, 403, 556, 578, 593, 688
496: 2, 14, 52, 87, 166, 174, 189, 259, 335, 362, 401, 449, 497, 545, 580, 607, 618, 673, 677, 685, 700, 710, 766
497: 49, 52, 174, 259, 496, 500, 545, 569, 685, 786
498: 59, 96, 145, 149, 179, 194, 208, 331, 340, 414, 689, 755, 759, 768
499: 92, 548
500: 49, 52, 251, 339, 387, 390, 497, 509, 771, 778, 786
501: 12, 15, 25, 49, 64, 94, 166, 368, 397, 516, 535, 547, 608, 642, 645, 649, 683, 778, 787
502: 71, 78, 115, 121, 125, 132, 134, 175, 274, 327, 332, 372, 527, 529, 606, 711, 731, 739, 762, 779, 795
503: 139, 215, 518
504: 27, 49, 64, 69, 90, 186, 210, 703, 786
505: 239, 416, 485, 571, 741
506: 657
507: 63, 108, 128, 275, 312, 333, 344, 447, 489, 491, 722, 769
508: 233, 235, 304, 307, 492, 575
509: 2, 15, 80, 100, 105, 174, 251, 294, 363, 369, 390, 464, 500, 514, 591, 627, 766, 778
510: 4, 51, 268, 532, 682
511: 54, 68, 209, 284, 306, 405, 432, 443, 527, 594, 604, 699, 729, 736, 764, 791
512: 9, 359, 423, 425, 549, 611, 635
513: 660
514: 2, 100, 110, 138, 251, 369, 435, 509, 627
515: 515
516: 160, 501, 608, 615, 645, 650, 786
517: 24, 48, 304, 365, 410, 445, 458, 716
518: 72, 101, 139, 211, 215, 351, 456, 503, 570, 587, 598, 625, 713, 773
519: 3, 19, 62, 82, 105, 147, 152, 225, 263, 288, 299, 355, 369, 413, 602, 619, 655, 699, 709
520: 609
521: 521
522: 47, 149, 562, 748
523: 60, 124, 301, 354, 386, 402, 410, 433, 458, 551, 567, 572, 585, 712
524: 18, 28, 54, 68, 133, 378, 459, 527, 698, 715, 753, 762, 795
525: 342, 487, 761
526: 26, 63, 71, 108, 121, 125, 129, 168, 182, 192, 232, 309, 322, 327, 388, 417, 489, 532, 544, 595, 600, 653, 656, 737, 772, 793
527: 54, 68, 82, 133, 158, 172, 209, 225, 284, 299, 306, 405, 412, 432, 443, 502, 511, 524, 594, 604, 626, 661, 674, 698, 699, 736, 764, 791
528: 251, 783
529: 24, 73, 115, 134, 136, 175, 428, 445, 502, 576, 606, 623, 702, 714, 716, 730, 731, 736, 762, 791
530: 4, 43, 51, 61, 121, 192, 268, 293, 327, 576, 600, 639, 656, 730, 747
531: 2, 12, 64, 83, 87, 94, 166, 180, 189, 234, 241, 335, 363, 381, 397, 401, 465, 540, 608, 642, 663, 677, 706, 787
532: 4, 63, 71, 129, 168, 327, 388, 417, 489, 510, 526, 544, 600, 737
533: 61, 119, 121, 293, 714, 730, 747
534: 534
535: 358, 368, 501, 569, 580, 659, 710
536: 227, 231, 289, 307, 435, 458, 572, 585, 627, 646, 658, 784
537: 243
538: 463
539: 78, 132, 167, 205, 266, 270, 290, 332, 403, 428, 434, 556, 593, 665, 702, 711, 714, 731, 762
540: 2, 12, 25, 64, 87, 111, 166, 189, 251, 259, 294, 363, 390, 531, 547, 650, 663, 673, 677, 706, 766
541: 460
542: 542
543: 18, 68, 114, 184, 205, 209, 216, 313, 378, 405, 432, 440, 457, 459, 609, 661, 674, 680, 707, 729, 744
544: 20, 63, 71, 125, 161, 274, 309, 398, 526, 532, 595, 602, 767, 793
545: 52, 155, 174, 186, 241, 259, 335, 362, 368, 401, 449, 496, 497, 569, 580, 608, 673, 685, 700, 710
546: 56, 595, 770
547: 12, 15, 25, 49, 64, 111, 368, 501, 540, 569, 645, 706, 778, 786
548: 9, 153, 359, 423, 425, 499, 611, 640, 657
549: 9, 122, 256, 359, 423, 425, 512, 611
550: 31, 47, 326, 690, 748, 760
551: 60, 124, 402, 523, 567, 572, 588, 712
552: 279, 281, 308, 603, 792
553: 33, 721
554: 268
555: 5
556: 98, 167, 205, 290, 403, 434, 495, 539, 593, 688, 711, 720, 729, 754, 762
557: 557
558: 45, 83, 332, 372, 428, 736, 741, 790, 795
559: 17, 113, 262, 605, 665
560: 560
561: 561
562: 47, 331, 522, 629, 689, 748
563: 7, 202, 342, 799
564: 564
565: 565
566: 150, 206, 265, 644, 653, 721
567: 124, 523, 551, 572
568: 568
569: 49, 52, 64, 229, 368, 497, 535, 545, 547, 580, 786
570: 101, 298, 377, 426, 518, 587, 598, 625, 637, 713
571: 83, 135, 239, 416, 505, 642, 741
572: 124, 402, 486, 523, 536, 551, 567, 646
573: 147, 158, 267, 297, 708, 724, 745
574: 126, 197, 279, 287, 367, 577, 603
575: 39, 48, 304, 365, 445, 492, 508
576: 4, 43, 115, 129, 134, 143, 265, 303, 327, 345, 357, 370, 375, 529, 530, 606, 623, 731, 754, 762
577: 200, 253, 574
578: 324, 375, 495, 688
579: 3, 103, 330, 376, 733
580: 52, 174, 237, 259, 368, 496, 535, 545, 569, 608, 618, 685, 700, 710, 778
581: 3, 105, 137, 219, 221, 341, 394, 466, 719, 749
582: 582
583: 30, 68, 158, 336, 584
584: 92, 336, 583, 775
585: 231, 289, 301, 354, 402, 458, 471, 486, 523, 536, 596, 646, 712, 784
586: 586
587: 72, 101, 291, 518, 570, 598, 625, 668, 687, 713, 725, 773
588: 60, 386, 433, 551
589: 6, 42
590: 147, 378, 384, 413, 454, 796
591: 2, 41, 80, 251, 294, 363, 369, 390, 509, 627, 766
592: 183, 494, 598, 625, 636, 687, 773
593: 55, 84, 114, 167, 205, 403, 495, 539, 556, 688, 711, 754
594: 133, 209, 306, 432, 443, 459, 511, 527, 604, 661, 674, 699, 791
595: 56, 125, 236, 272, 393, 454, 526, 544, 546, 602, 681
596: 231, 271, 289, 402, 458, 486, 585, 712, 716, 784
597: 63, 161, 398, 767
598: 11, 72, 183, 215, 291, 298, 494, 518, 570, 587, 592, 625, 636, 687, 773
599: 56, 82, 141, 209, 242, 272, 284, 299, 493, 604, 730
600: 26, 63, 71, 106, 108, 125, 129, 134, 168, 182, 232, 272, 309, 322, 327, 329, 388, 447, 450, 487, 489, 526, 530, 532, 656, 737, 772, 793
601: 637
602: 81, 225, 272, 393, 454, 472, 519, 544, 595, 619, 681
603: 126, 148, 277, 279, 287, 338, 367, 426, 552, 574, 732
604: 54, 133, 141, 209, 284, 306, 432, 443, 511, 527, 594, 599, 661, 674, 699, 764, 791
605: 17, 113, 130, 198, 201, 227, 230, 262, 286, 323, 559, 631
606: 73, 115, 121, 129, 132, 134, 175, 274, 303, 327, 357, 502, 529, 576, 714, 731, 762
607: 41, 259, 496, 673, 685
608: 11, 166, 241, 397, 465, 501, 516, 531, 545, 580, 649, 663, 683, 727, 778
609: 334, 520, 543, 626
610: 74, 103, 330, 376, 456, 625, 734, 773
611: 9, 153, 226, 249, 256, 292, 310, 359, 423, 425, 437, 488, 512, 548, 549, 624, 637, 640, 657, 684
612: 13
613: 613
614: 33, 669
615: 12, 15, 50, 160, 392, 464, 482, 516, 645
616: 142, 201, 230, 271, 358, 399, 477, 630, 633, 717, 756, 798
617: 32, 479, 634, 695
618: 87, 237, 259, 335, 381, 401, 449, 496, 580, 631, 659, 663, 685, 700
619: 96, 97, 147, 149, 152, 195, 208, 236, 337, 348, 356, 379, 383, 393, 413, 472, 519, 602, 689
620: 218
621: 382, 732, 792
622: 679
623: 43, 61, 115, 134, 143, 370, 529, 576, 714, 730, 747
624: 131, 310, 423, 611, 640, 684
625: 101, 178, 183, 258, 291, 330, 377, 456, 494, 518, 570, 587, 592, 598, 610, 687, 713, 773
626: 18, 184, 263, 306, 334, 432, 459, 527, 609, 661, 674, 698
627: 2, 87, 100, 138, 241, 251, 294, 360, 363, 369, 390, 435, 465, 509, 514, 536, 591, 766
628: 799
629: 562
630: 142, 201, 230, 271, 399, 477, 616, 633, 798
631: 79, 142, 198, 227, 254, 349, 358, 474, 605, 618, 692, 781
632: 632
633: 201, 230, 286, 358, 399, 467, 477, 616, 630, 756, 798
634: 7, 32, 617, 799
635: 512
636: 183, 494, 592, 598, 687
637: 292, 437, 488, 570, 601, 611, 684
638: 213, 227, 254, 399, 467, 471, 477, 756, 798
639: 4, 26, 51, 61, 115, 168, 192, 235, 293, 327, 352, 452, 530, 652, 747
640: 9, 153, 423, 488, 548, 611, 624, 684
641: 54, 82, 141, 172, 225, 284, 299, 412, 655, 661, 674, 699
642: 83, 94, 135, 171, 239, 416, 446, 485, 501, 531, 571, 649, 741
643: 56, 236, 272, 348, 379, 454
644: 150, 163, 206, 265, 309, 336, 400, 487, 566, 653, 721, 793
645: 15, 50, 152, 160, 464, 501, 516, 547, 615, 683
646: 227, 286, 289, 385, 467, 536, 572, 585, 691
647: 101, 178
648: 54, 82, 141, 172, 225, 284
649: 186, 501, 608, 642, 683, 783
650: 2, 12, 482, 516, 540
651: 319, 367, 735
652: 4, 51, 168, 268, 293, 303, 429, 639, 720, 730, 747
653: 150, 192, 206, 285, 309, 314, 400, 526, 566, 644, 676, 721, 774
654: 33, 53, 158, 165, 222, 669, 721
655: 19, 56, 82, 225, 272, 288, 519, 641, 699, 709
656: 106, 129, 182, 206, 232, 327, 388, 489, 526, 530, 600, 772, 793
657: 9, 92, 153, 156, 320, 423, 506, 548, 611, 736, 791
658: 227, 289, 536, 798
659: 17, 155, 237, 335, 381, 397, 401, 449, 535, 618, 663, 685, 700, 710
660: 513
661: 133, 172, 209, 405, 527, 543, 594, 604, 626, 641, 674, 698, 699, 707
662: 19, 56, 133, 260, 355, 408, 413, 454, 709
663: 87, 94, 111, 166, 180, 189, 241, 251, 335, 363, 381, 397, 401, 449, 465, 531, 540, 608, 618, 659, 700, 706, 766, 787
664: 461
665: 78, 113, 132, 262, 270, 332, 539, 559, 711
666: 666
667: 240, 351, 380
668: 258, 587, 758
669: 33, 53, 158, 165, 267, 336, 614, 654
670: 8, 39, 48, 130, 170, 305, 365, 410, 445, 492
671: 494
672: 168, 452, 728
673: 12, 14, 259, 335, 362, 401, 496, 540, 545, 607, 685, 700
674: 18, 54, 68, 82, 133, 172, 209, 225, 306, 405, 412, 432, 440, 527, 543, 594, 604, 626, 641, 661, 698, 699, 707, 709, 729, 791
675: 384
676: 653, 721
677: 2, 12, 14, 25, 90, 111, 166, 189, 496, 531, 540, 706
678: 76, 136, 300, 360, 699, 705
679: 10, 246, 247, 622
680: 114, 187, 216, 378, 543, 776
681: 272, 454, 595, 602
682: 37, 450, 510, 728
683: 240, 368, 381, 387, 397, 501, 608, 645, 649
684: 153, 423, 488, 611, 624, 637, 640
685: 87, 174, 237, 241, 259, 335, 401, 449, 496, 497, 545, 580, 607, 618, 659, 673, 700
686: 148, 277, 316, 426
687: 183, 291, 494, 587, 592, 598, 625, 636, 773
688: 98, 167, 317, 403, 495, 556, 578, 593, 754
689: 47, 59, 96, 145, 149, 179, 195, 208, 356, 379, 383, 498, 562, 619, 748
690: 31, 63, 108, 125, 149, 161, 193, 213, 322, 326, 340, 346, 366, 450, 550, 739
691: 646
692: 79, 142, 198, 254, 631, 696, 717, 781, 798
693: 693
694: 694
695: 265, 479, 617
696: 79, 198, 692
697: 218
698: 18, 19, 68, 81, 133, 225, 306, 334, 432, 454, 459, 524, 527, 626, 661, 674, 699, 744
699: 19, 54, 76, 82, 209, 225, 306, 412, 432, 511, 519, 527, 594, 604, 641, 655, 661, 674, 678, 698
700: 87, 166, 237, 241, 259, 335, 362, 401, 449, 465, 496, 545, 580, 618, 659, 663, 673, 685, 710, 766
701: 22, 23, 366
702: 78, 132, 144, 332, 428, 529, 539, 711, 714, 731, 736, 762, 790
703: 27, 451, 504, 794
704: 137, 196, 221, 350
705: 300, 678, 718
706: 2, 12, 25, 64, 87, 94, 111, 166, 189, 531, 540, 547, 663, 677
707: 18, 68, 114, 209, 313, 432, 436, 457, 459, 543, 661, 674, 729, 744
708: 67, 321, 573, 724, 745, 780
709: 19, 133, 225, 288, 355, 454, 519, 655, 662, 674
710: 94, 155, 199, 362, 397, 419, 496, 535, 545, 580, 659, 700
711: 78, 132, 270, 332, 403, 428, 502, 539, 556, 593, 665, 702, 762
712: 231, 402, 458, 523, 551, 585, 596, 716
713: 101, 298, 377, 518, 570, 587, 625, 773
714: 167, 370, 375, 428, 445, 529, 533, 539, 606, 623, 702, 731, 747, 762
715: 54, 152, 405, 443, 524, 753
716: 24, 130, 136, 323, 445, 517, 529, 596, 712, 784
717: 79, 142, 198, 201, 230, 358, 616, 692, 781
718: 36, 415, 705
719: 3, 105, 369, 394, 466, 581
720: 84, 235, 293, 303, 403, 491, 556, 652, 754
721: 150, 163, 206, 285, 400, 404, 553, 566, 644, 653, 654, 676, 757
722: 21, 63, 108, 128, 312, 333, 344, 347, 417, 489, 491, 507, 769, 799
723: 198, 282, 349, 358
724: 158, 267, 297, 573, 708, 745
725: 248, 431, 587, 740
726: 726
727: 100, 241, 465, 608
728: 21, 312, 489, 672, 682
729: 18, 68, 114, 184, 205, 209, 216, 313, 405, 432, 436, 457, 459, 511, 543, 556, 674, 707, 744, 754
730: 51, 61, 121, 192, 268, 293, 529, 530, 533, 599, 623, 652, 747
731: 73, 134, 167, 303, 345, 357, 375, 428, 502, 529, 539, 576, 606, 702, 714, 762, 791
732: 382, 603, 621, 792
733: 103, 330, 579, 734
734: 74, 103, 217, 330, 610, 733
735: 651
736: 28, 34, 54, 68, 209, 372, 405, 428, 443, 490, 511, 527, 529, 558, 657, 702, 753, 764, 790, 791, 795
737: 63, 71, 106, 108, 168, 182, 232, 322, 327, 345, 347, 388, 417, 526, 532, 600
738: 738
739: 71, 117, 125, 193, 340, 450, 502, 690, 768
740: 248, 255, 431, 725, 750
741: 83, 135, 238, 239, 262, 416, 485, 505, 558, 571, 642, 743
742: 226
743: 17, 83, 135, 210, 239, 262, 296, 416, 442, 741, 763
744: 18, 68, 114, 205, 432, 436, 459, 543, 698, 707, 729, 795
745: 321, 573, 708, 724
746: 214, 451
747: 61, 84, 121, 235, 293, 370, 530, 533, 623, 639, 652, 714, 730
748: 47, 59, 96, 145, 149, 331, 421, 522, 550, 562, 689
749: 105, 221, 394, 466, 581
750: 740
751: 751
752: 752
753: 28, 54, 187, 203, 405, 524, 715, 736, 790
754: 55, 167, 303, 345, 370, 403, 434, 556, 576, 593, 688, 720, 729, 762
755: 117, 179, 498, 759, 770
756: 64, 254, 399, 467, 471, 477, 616, 633, 638, 781, 798
757: 150, 163, 265, 285, 721
758: 668
759: 59, 107, 498, 755, 768
760: 31, 161, 326, 550
761: 43, 65, 406, 487, 525, 797
762: 68, 73, 78, 98, 132, 134, 167, 270, 274, 303, 345, 357, 375, 403, 428, 502, 524, 529, 539, 556, 576, 606, 702, 711, 714, 731, 754
763: 17, 83, 135, 470, 743
764: 34, 54, 175, 203, 209, 405, 511, 527, 604, 736, 791
765: 765
766: 2, 80, 87, 111, 166, 174, 180, 189, 241, 251, 259, 363, 390, 465, 496, 509, 540, 591, 627, 663, 700
767: 63, 108, 161, 274, 340, 398, 417, 544, 597
768: 59, 117, 340, 498, 739, 759
769: 31, 63, 108, 128, 275, 344, 507, 722
770: 179, 490, 546, 755, 796
771: 87, 189, 339, 500
772: 71, 106, 182, 206, 232, 322, 447, 526, 600, 656
773: 101, 103, 183, 258, 291, 330, 377, 396, 456, 518, 587, 592, 598, 610, 625, 687, 713
774: 38, 168, 460, 653
775: 584
776: 187, 383, 680
777: 204, 470
778: 11, 49, 87, 251, 339, 368, 387, 500, 501, 509, 547, 580, 608, 786
779: 483, 502
780: 127, 321, 459, 708
781: 79, 142, 254, 349, 358, 399, 474, 477, 631, 692, 717, 756
782: 129, 176, 207
783: 86, 424, 528, 649
784: 402, 458, 536, 585, 596, 716
785: 785
786: 12, 15, 49, 52, 64, 497, 500, 504, 516, 547, 569, 778
787: 64, 94, 166, 234, 381, 397, 467, 501, 531, 663
788: 14, 155, 401, 419
789: 789
790: 45, 203, 332, 558, 702, 736, 753
791: 28, 34, 54, 68, 205, 209, 405, 432, 443, 490, 511, 527, 529, 594, 604, 657, 674, 731, 736, 764, 795
792: 148, 281, 338, 382, 552, 621, 732
793: 20, 26, 71, 125, 192, 309, 327, 347, 526, 544, 600, 644, 656
794: 27, 90, 111, 214, 296, 703
795: 28, 34, 68, 78, 114, 132, 372, 459, 490, 502, 524, 558, 736, 744, 791
796: 97, 116, 149, 179, 193, 226, 356, 379, 383, 384, 413, 420, 454, 590, 770
797: 129, 265, 309, 336, 487, 761
798: 79, 142, 201, 227, 271, 399, 477, 616, 630, 633, 638, 658, 692, 756
799: 7, 32, 344, 563, 628, 634, 722
edgeCount: 6540
