0: 2, 75, 96
1: 3, 4, 5, 7, 10, 12, 13, 14, 16, 17, 18, 19, 20, 21, 24, 26, 30, 36, 37, 39, 40, 41, 42, 43, 46, 48, 49, 54, 55, 56, 57, 60, 61, 62, 63, 64, 67, 68, 70, 71, 72, 73, 78, 81, 85, 86, 87, 91, 92, 93, 94, 95, 101, 104, 106, 108, 110, 111, 114, 115, 116, 118, 119, 122, 123, 124, 126, 127, 128, 129, 132, 134, 137, 138, 144, 145, 148, 149, 153, 157, 159
2: 0, 22, 44, 51, 68, 85, 96, 105, 106, 131, 133, 140, 142, 143, 148, 152
3: 1, 5, 7, 10, 12, 13, 16, 17, 18, 19, 20, 21, 24, 26, 30, 37, 39, 40, 41, 43, 46, 48, 49, 54, 56, 57, 61, 62, 64, 67, 68, 71, 72, 81, 85, 86, 87, 91, 92, 93, 94, 95, 101, 104, 108, 111, 114, 116, 118, 122, 123, 124, 126, 127, 129, 132, 134, 137, 138, 144, 145, 148, 149, 153, 159
4: 1, 5, 13, 16, 22, 27, 30, 31, 34, 36, 41, 43, 49, 56, 69, 76, 80, 87, 89, 91, 92, 103, 104, 105, 110, 124, 136, 140, 154, 157, 158
5: 1, 3, 4, 7, 10, 11, 12, 13, 16, 17, 18, 20, 21, 24, 26, 28, 36, 37, 40, 42, 46, 48, 55, 56, 57, 60, 63, 64, 67, 68, 70, 71, 72, 85, 86, 87, 91, 93, 94, 95, 109, 110, 115, 116, 118, 126, 129, 132, 134, 137, 138, 144, 145, 148, 149, 153, 157, 159
6: 8, 11, 28, 29, 33, 35, 67, 94, 102, 107, 119, 121, 123, 132, 147, 157
7: 1, 3, 5, 10, 12, 13, 14, 16, 17, 18, 19, 20, 21, 24, 26, 30, 36, 37, 39, 40, 41, 43, 46, 48, 49, 54, 56, 57, 58, 60, 61, 62, 64, 67, 68, 70, 71, 72, 78, 81, 85, 86, 87, 91, 92, 93, 94, 95, 101, 104, 106, 108, 111, 114, 116, 118, 119, 122, 123, 124, 126, 127, 128, 129, 132, 134, 137, 138, 144, 145, 148, 149, 153, 157, 159
8: 6, 10, 11, 16, 21, 28, 29, 33, 35, 67, 69, 90, 94, 111, 119, 123, 132, 141, 147, 153, 157, 158
9: 22, 27, 89, 100, 105, 108, 111, 114, 140
10: 1, 3, 5, 7, 8, 11, 12, 13, 16, 17, 18, 19, 20, 21, 24, 26, 29, 30, 34, 35, 37, 39, 40, 41, 43, 46, 48, 49, 56, 57, 62, 64, 67, 71, 72, 80, 86, 87, 91, 92, 93, 94, 95, 101, 104, 108, 111, 114, 118, 119, 123, 124, 129, 132, 134, 137, 144, 145, 149, 153, 157, 159
11: 5, 6, 8, 10, 12, 16, 17, 19, 20, 21, 28, 29, 31, 35, 37, 41, 48, 56, 57, 67, 80, 87, 90, 91, 94, 95, 108, 111, 119, 123, 132, 137, 141, 145, 147, 153, 157, 159
12: 1, 3, 5, 7, 10, 11, 13, 14, 16, 17, 18, 19, 20, 21, 24, 26, 30, 37, 39, 40, 41, 43, 46, 48, 49, 54, 56, 57, 58, 60, 61, 62, 64, 67, 68, 70, 71, 72, 73, 81, 85, 86, 87, 91, 92, 93, 94, 95, 101, 104, 106, 108, 111, 114, 116, 118, 119, 122, 123, 124, 126, 127, 129, 132, 134, 137, 138, 144, 145, 148, 149, 153, 157, 159
13: 1, 3, 4, 5, 7, 10, 12, 17, 19, 20, 21, 24, 26, 27, 30, 32, 34, 36, 37, 40, 41, 42, 43, 44, 45, 47, 48, 49, 53, 56, 57, 63, 72, 87, 91, 92, 93, 95, 104, 106, 110, 115, 118, 123, 124, 129, 132, 137, 139, 144, 145, 149, 153, 159
14: 1, 7, 12, 17, 21, 39, 48, 54, 56, 58, 60, 61, 62, 67, 68, 73, 79, 85, 86, 87, 93, 94, 95, 102, 116, 118, 119, 122, 126, 127, 129, 132, 134, 137, 138, 144, 145, 148, 149, 155, 157, 159
15: 23, 25
16: 1, 3, 4, 5, 7, 8, 10, 11, 12, 17, 21, 26, 28, 29, 31, 33, 35, 37, 48, 56, 57, 60, 67, 69, 70, 71, 85, 87, 90, 91, 93, 94, 95, 116, 118, 119, 123, 132, 134, 137, 141, 144, 145, 147, 149, 153, 154, 157, 159
17: 1, 3, 5, 7, 10, 11, 12, 13, 14, 16, 18, 19, 20, 21, 24, 26, 27, 28, 30, 35, 36, 37, 39, 40, 41, 43, 46, 48, 49, 54, 55, 56, 57, 60, 61, 62, 64, 67, 68, 70, 71, 72, 73, 79, 81, 85, 86, 87, 91, 92, 93, 94, 95, 101, 104, 108, 110, 111, 114, 116, 118, 119, 122, 123, 124, 126, 127, 129, 132, 134, 137, 138, 144, 145, 148, 149, 153, 157, 159
18: 1, 3, 5, 7, 10, 12, 17, 21, 24, 26, 37, 40, 42, 46, 48, 55, 57, 58, 62, 63, 68, 70, 71, 81, 83, 85, 86, 87, 93, 95, 109, 112, 116, 118, 122, 123, 126, 128, 129, 132, 133, 134, 137, 138, 144, 145, 146, 148, 149, 153, 159
19: 1, 3, 7, 10, 11, 12, 13, 17, 20, 21, 26, 29, 35, 37, 40, 43, 48, 56, 57, 67, 72, 78, 83, 87, 91, 93, 95, 100, 108, 111, 114, 118, 123, 132, 137, 141, 144, 145, 149, 153, 159
20: 1, 3, 5, 7, 10, 11, 12, 13, 17, 19, 21, 26, 29, 35, 37, 40, 41, 43, 48, 56, 57, 67, 72, 78, 83, 87, 91, 93, 95, 100, 108, 111, 114, 118, 123, 132, 137, 141, 144, 145, 149, 153, 159
21: 1, 3, 5, 7, 8, 10, 11, 12, 13, 14, 16, 17, 18, 19, 20, 24, 26, 28, 29, 30, 35, 37, 39, 40, 46, 48, 49, 54, 55, 56, 57, 60, 61, 62, 64, 67, 68, 70, 71, 72, 78, 79, 81, 85, 86, 87, 91, 92, 93, 94, 95, 101, 104, 108, 111, 114, 115, 116, 118, 119, 122, 123, 124, 126, 127, 129, 132, 134, 137, 138, 144, 145, 147, 148, 149, 153, 157, 159
22: 2, 4, 9, 25, 27, 30, 31, 33, 34, 36, 49, 51, 67, 69, 76, 92, 94, 96, 97, 104, 105, 107, 110, 113, 121, 124, 131, 133, 134, 137, 140, 142, 143, 150, 154
23: 15, 88
24: 1, 3, 5, 7, 10, 12, 13, 17, 18, 21, 26, 37, 39, 40, 42, 46, 48, 54, 55, 56, 57, 58, 60, 61, 62, 63, 64, 67, 68, 70, 71, 72, 81, 83, 85, 86, 87, 91, 92, 93, 94, 95, 104, 109, 110, 115, 116, 118, 122, 123, 124, 126, 128, 129, 132, 133, 134, 137, 138, 144, 145, 146, 148, 149, 153, 159
25: 15, 22, 97, 105, 109, 115, 121, 134, 140, 150
26: 1, 3, 5, 7, 10, 12, 13, 16, 17, 18, 19, 20, 21, 24, 32, 35, 36, 37, 39, 40, 43, 46, 48, 49, 56, 57, 58, 60, 61, 62, 64, 67, 68, 71, 72, 78, 81, 85, 86, 87, 91, 92, 93, 95, 101, 104, 108, 114, 116, 118, 123, 124, 126, 129, 132, 134, 137, 138, 144, 145, 148, 149, 153, 157, 159
27: 4, 9, 13, 17, 22, 30, 32, 34, 36, 51, 63, 87, 92, 104, 105, 106, 110, 124, 134, 139, 140, 143, 144, 146
28: 5, 6, 8, 11, 16, 17, 21, 29, 33, 35, 48, 57, 67, 69, 87, 90, 91, 93, 94, 119, 123, 132, 141, 144, 147, 157, 159
29: 6, 8, 10, 11, 16, 19, 20, 21, 28, 35, 90, 91, 94, 119, 123, 132, 141, 147, 153, 157, 158
30: 1, 3, 4, 7, 10, 12, 13, 17, 21, 22, 27, 31, 32, 34, 36, 37, 41, 42, 43, 48, 49, 53, 56, 57, 63, 67, 80, 87, 92, 93, 95, 103, 104, 105, 106, 110, 115, 118, 124, 134, 137, 140, 144, 145, 146, 149, 153, 154, 159
31: 4, 11, 16, 22, 30, 34, 36, 69, 76, 77, 80, 88, 89, 104, 105, 110, 136, 140, 154, 157, 158
32: 13, 26, 27, 30, 36, 43, 44, 45, 47, 53, 85, 86, 92, 93, 96, 98, 99, 104, 106, 110, 115, 116, 117, 124, 126, 129, 131, 136, 138, 139, 143, 144, 148
33: 6, 8, 16, 22, 28, 67, 94, 102, 105, 107, 113, 147, 157
34: 4, 10, 13, 22, 27, 30, 31, 41, 80, 92, 104, 105, 110, 123, 124, 140, 150, 153
35: 6, 8, 10, 11, 16, 17, 19, 20, 21, 26, 28, 29, 67, 87, 94, 108, 119, 123, 132, 141, 144, 147, 153, 157
36: 1, 4, 5, 7, 13, 17, 22, 26, 27, 30, 31, 32, 41, 43, 49, 57, 69, 80, 87, 89, 91, 92, 93, 99, 103, 104, 105, 106, 110, 115, 118, 124, 134, 136, 144, 149, 154
37: 1, 3, 5, 7, 10, 11, 12, 13, 16, 17, 18, 19, 20, 21, 24, 26, 30, 39, 40, 41, 43, 46, 48, 49, 54, 56, 57, 60, 61, 62, 64, 67, 68, 70, 71, 72, 73, 85, 86, 87, 91, 92, 93, 94, 95, 101, 104, 108, 111, 114, 116, 118, 119, 122, 123, 124, 126, 127, 129, 132, 134, 137, 138, 144, 145, 148, 149, 153, 157, 159
38: 98, 117
39: 1, 3, 7, 10, 12, 14, 17, 21, 24, 26, 37, 40, 44, 48, 53, 54, 56, 57, 58, 60, 61, 62, 64, 67, 68, 71, 72, 73, 78, 79, 81, 85, 86, 87, 93, 94, 95, 96, 101, 104, 106, 116, 118, 122, 124, 126, 127, 128, 129, 132, 134, 137, 138, 139, 143, 144, 145, 148, 149, 159
40: 1, 3, 5, 7, 10, 12, 13, 17, 18, 19, 20, 21, 24, 26, 37, 39, 43, 46, 48, 49, 56, 57, 58, 61, 62, 64, 67, 68, 71, 72, 81, 85, 86, 87, 91, 92, 93, 94, 95, 101, 106, 108, 114, 116, 118, 123, 124, 126, 127, 129, 132, 134, 137, 138, 144, 145, 148, 149, 153, 159
41: 1, 3, 4, 7, 10, 11, 12, 13, 17, 20, 30, 34, 36, 37, 42, 43, 48, 49, 56, 57, 80, 87, 92, 95, 104, 105, 108, 110, 111, 115, 118, 123, 124, 137, 140, 145, 153, 159
42: 1, 5, 13, 18, 24, 30, 41, 44, 46, 49, 63, 70, 71, 92, 97, 98, 104, 106, 110, 115, 124, 133, 134, 146
43: 1, 3, 4, 7, 10, 12, 13, 17, 19, 20, 26, 30, 32, 36, 37, 40, 41, 48, 49, 53, 57, 72, 87, 92, 93, 95, 104, 106, 115, 118, 124, 129, 144, 145, 149, 153
44: 2, 13, 32, 39, 42, 45, 47, 50, 52, 53, 62, 63, 81, 86, 92, 96, 98, 104, 106, 116, 117, 120, 122, 124, 126, 130, 131, 139
45: 13, 32, 44, 47, 50, 53, 63, 81, 98, 106, 117, 120, 124, 130
46: 1, 3, 5, 7, 10, 12, 17, 18, 21, 24, 26, 37, 40, 42, 48, 55, 56, 57, 60, 62, 63, 70, 71, 72, 81, 83, 86, 87, 91, 93, 95, 109, 112, 115, 116, 118, 122, 126, 128, 129, 132, 134, 137, 144, 145, 149, 153, 159
47: 13, 32, 44, 45, 50, 52, 53, 54, 96, 106, 117, 120, 124, 126, 130, 131, 139
48: 1, 3, 5, 7, 10, 11, 12, 13, 14, 16, 17, 18, 19, 20, 21, 24, 26, 28, 30, 37, 39, 40, 41, 43, 46, 49, 53, 54, 55, 56, 57, 58, 60, 61, 62, 64, 67, 68, 70, 71, 72, 73, 81, 85, 86, 87, 91, 92, 93, 94, 95, 101, 104, 108, 110, 111, 114, 116, 118, 119, 122, 123, 124, 126, 127, 129, 132, 134, 137, 138, 144, 145, 148, 149, 153, 155, 157, 159
49: 1, 3, 4, 7, 10, 12, 13, 17, 21, 22, 26, 30, 36, 37, 40, 41, 42, 43, 48, 53, 57, 63, 69, 87, 92, 93, 95, 104, 105, 106, 110, 115, 118, 123, 124, 132, 137, 140, 144, 145, 149, 153, 154, 159
50: 44, 45, 47, 53, 98, 117, 120, 130
51: 2, 22, 27, 68, 76, 96, 102, 105, 106, 124, 131, 136, 140, 142, 143
52: 44, 47, 65, 78, 82, 120, 125, 155
53: 13, 30, 32, 39, 43, 44, 45, 47, 48, 49, 50, 86, 92, 96, 98, 99, 104, 106, 116, 117, 120, 124, 131, 136, 139
54: 1, 3, 7, 12, 14, 17, 21, 24, 37, 39, 47, 48, 56, 57, 58, 59, 60, 61, 62, 64, 67, 68, 73, 78, 79, 81, 85, 86, 87, 93, 94, 95, 96, 101, 116, 118, 119, 122, 126, 127, 128, 129, 132, 134, 137, 138, 144, 145, 148, 149, 155, 156, 159
55: 1, 5, 17, 18, 21, 24, 46, 48, 67, 70, 71, 83, 84, 94, 95, 97, 109, 123, 132, 133, 134, 137, 146, 159
56: 1, 3, 4, 5, 7, 10, 11, 12, 13, 14, 16, 17, 19, 20, 21, 24, 26, 30, 37, 39, 40, 41, 46, 48, 54, 57, 60, 62, 64, 67, 68, 70, 71, 72, 73, 79, 85, 86, 87, 91, 92, 93, 94, 95, 101, 104, 108, 111, 114, 116, 118, 119, 122, 123, 124, 126, 127, 129, 132, 134, 137, 138, 144, 145, 147, 148, 149, 153, 157, 159
57: 1, 3, 5, 7, 10, 11, 12, 13, 16, 17, 18, 19, 20, 21, 24, 26, 28, 30, 36, 37, 39, 40, 41, 43, 46, 48, 49, 54, 56, 60, 62, 64, 67, 68, 70, 71, 72, 73, 81, 85, 86, 87, 91, 92, 93, 94, 95, 101, 104, 108, 114, 116, 118, 119, 122, 123, 124, 126, 127, 129, 132, 134, 137, 138, 144, 145, 148, 149, 153, 157, 159
58: 7, 12, 14, 18, 24, 26, 39, 40, 48, 54, 59, 60, 61, 62, 68, 73, 78, 81, 85, 86, 93, 94, 95, 101, 102, 109, 112, 116, 118, 125, 126, 127, 129, 131, 132, 134, 138, 144, 145, 148, 149
59: 54, 58, 62, 73
60: 1, 5, 7, 12, 14, 16, 17, 21, 24, 26, 37, 39, 46, 48, 54, 56, 57, 58, 62, 64, 68, 70, 71, 73, 81, 85, 86, 87, 91, 93, 95, 103, 112, 116, 118, 122, 126, 128, 129, 134, 137, 138, 144, 148, 149, 157
61: 1, 3, 7, 12, 14, 17, 21, 24, 26, 37, 39, 40, 48, 54, 58, 62, 64, 68, 78, 81, 85, 86, 87, 93, 95, 101, 116, 118, 126, 127, 129, 132, 137, 138, 139, 144, 145, 148, 149, 159
62: 1, 3, 7, 10, 12, 14, 17, 18, 21, 24, 26, 37, 39, 40, 44, 46, 48, 54, 56, 57, 58, 59, 60, 61, 64, 67, 68, 71, 72, 73, 78, 79, 81, 85, 86, 87, 93, 94, 95, 96, 101, 106, 112, 114, 116, 118, 122, 126, 127, 128, 129, 132, 134, 137, 138, 139, 144, 145, 148, 149, 159
63: 1, 5, 13, 18, 24, 27, 30, 42, 44, 45, 46, 49, 70, 71, 92, 97, 98, 104, 110, 115, 124, 133, 134, 146
64: 1, 3, 5, 7, 10, 12, 17, 21, 24, 26, 37, 39, 40, 48, 54, 56, 57, 60, 61, 62, 67, 68, 71, 72, 73, 78, 79, 85, 86, 87, 91, 93, 95, 101, 106, 112, 114, 116, 118, 122, 126, 127, 128, 129, 132, 134, 137, 138, 144, 145, 148, 149, 153, 159
65: 52
66: 69, 77, 99, 117, 136
67: 1, 3, 5, 6, 7, 8, 10, 11, 12, 14, 16, 17, 19, 20, 21, 22, 24, 26, 28, 30, 33, 35, 37, 39, 40, 48, 54, 55, 56, 57, 62, 64, 68, 71, 72, 73, 79, 85, 86, 87, 91, 92, 93, 94, 95, 101, 104, 105, 108, 111, 114, 116, 118, 119, 123, 124, 126, 127, 129, 132, 134, 137, 138, 140, 144, 145, 147, 148, 149, 153, 157, 159
68: 1, 2, 3, 5, 7, 12, 14, 17, 18, 21, 24, 26, 37, 39, 40, 48, 51, 54, 56, 57, 58, 60, 61, 62, 64, 67, 73, 78, 81, 85, 86, 87, 91, 92, 93, 94, 95, 96, 101, 102, 106, 116, 118, 122, 126, 127, 129, 131, 132, 134, 137, 138, 144, 145, 148, 149, 159
69: 4, 8, 16, 22, 28, 31, 36, 49, 66, 77, 90, 105, 107, 136, 147, 154, 157, 158
70: 1, 5, 7, 12, 16, 17, 18, 21, 24, 37, 42, 46, 48, 55, 56, 57, 60, 63, 71, 86, 87, 88, 91, 93, 95, 109, 118, 126, 134, 137, 144, 157
71: 1, 3, 5, 7, 10, 12, 16, 17, 18, 21, 24, 26, 37, 39, 40, 42, 46, 48, 55, 56, 57, 60, 62, 63, 64, 67, 70, 73, 81, 83, 85, 86, 87, 91, 93, 94, 95, 104, 110, 115, 118, 122, 123, 126, 129, 132, 134, 137, 138, 144, 145, 146, 149, 153, 159
72: 1, 3, 5, 7, 10, 12, 13, 17, 19, 20, 21, 24, 26, 37, 39, 40, 43, 46, 48, 56, 57, 62, 64, 67, 78, 83, 86, 87, 91, 93, 95, 101, 108, 111, 114, 118, 123, 126, 129, 132, 137, 141, 144, 145, 149, 153, 155, 159
73: 1, 12, 14, 17, 37, 39, 48, 54, 56, 57, 58, 59, 60, 62, 64, 67, 68, 71, 79, 81, 85, 86, 87, 93, 94, 95, 112, 116, 122, 126, 128, 134, 137, 138, 144, 148, 156
75: 0
76: 4, 22, 31, 51, 88, 97, 100, 105, 107, 110, 113, 133, 134, 140, 142, 143, 146, 150
77: 31, 66, 69, 99, 136, 142, 154, 158
78: 1, 7, 19, 20, 21, 26, 39, 52, 54, 58, 61, 62, 64, 68, 72, 82, 83, 85, 86, 93, 95, 100, 101, 111, 114, 116, 118, 125, 126, 129, 132, 138, 144, 148, 149, 155, 159
79: 14, 17, 21, 39, 54, 56, 62, 64, 67, 73, 85, 86, 87, 94, 101, 116, 119, 126, 132, 134, 156, 157
80: 4, 10, 11, 30, 31, 34, 36, 41, 104, 154, 158
81: 1, 3, 7, 12, 17, 18, 21, 24, 26, 39, 40, 44, 45, 46, 48, 54, 57, 58, 60, 61, 62, 68, 71, 73, 85, 86, 87, 93, 95, 112, 116, 118, 122, 126, 128, 129, 137, 138, 144, 148, 149
82: 52, 78, 100, 125
83: 18, 19, 20, 24, 46, 55, 71, 72, 78, 84, 108, 111, 114, 125, 141, 155
84: 55, 83, 109, 111
85: 1, 2, 3, 5, 7, 12, 14, 16, 17, 18, 21, 24, 26, 32, 37, 39, 40, 48, 54, 56, 57, 58, 60, 61, 62, 64, 67, 68, 71, 73, 78, 79, 81, 86, 87, 91, 92, 93, 94, 95, 96, 101, 106, 114, 116, 118, 122, 124, 126, 127, 129, 131, 132, 134, 137, 138, 144, 145, 148, 149, 155, 157, 159
86: 1, 3, 5, 7, 10, 12, 14, 17, 18, 21, 24, 26, 32, 37, 39, 40, 44, 46, 48, 53, 54, 56, 57, 58, 60, 61, 62, 64, 67, 68, 70, 71, 72, 73, 78, 79, 81, 85, 87, 91, 93, 95, 101, 106, 112, 116, 118, 122, 126, 127, 128, 129, 132, 134, 137, 138, 139, 144, 145, 148, 149, 159
87: 1, 3, 4, 5, 7, 10, 11, 12, 13, 14, 16, 17, 18, 19, 20, 21, 24, 26, 27, 28, 30, 35, 36, 37, 39, 40, 41, 43, 46, 48, 49, 54, 56, 57, 60, 61, 62, 64, 67, 68, 70, 71, 72, 73, 79, 81, 85, 86, 91, 92, 93, 94, 95, 101, 104, 108, 110, 111, 114, 116, 118, 119, 122, 123, 124, 126, 127, 129, 132, 134, 137, 138, 144, 145, 147, 148, 149, 153, 157, 159
88: 23, 31, 70, 76, 89, 97, 110, 146
89: 4, 9, 31, 36, 88, 100, 110
90: 8, 11, 16, 28, 29, 69, 94, 119, 147, 157
91: 1, 3, 4, 5, 7, 10, 11, 12, 13, 16, 17, 19, 20, 21, 24, 26, 28, 29, 36, 37, 40, 46, 48, 56, 57, 60, 64, 67, 68, 70, 71, 72, 85, 86, 87, 93, 94, 95, 101, 108, 114, 116, 118, 123, 126, 129, 132, 134, 137, 138, 144, 145, 147, 148, 149, 153, 157, 159
92: 1, 3, 4, 7, 10, 12, 13, 17, 21, 22, 24, 26, 27, 30, 32, 34, 36, 37, 40, 41, 42, 43, 44, 48, 49, 53, 56, 57, 63, 67, 68, 85, 87, 93, 95, 96, 100, 104, 105, 106, 110, 115, 116, 118, 123, 124, 129, 131, 132, 133, 134, 137, 139, 140, 144, 145, 148, 149, 153, 159
93: 1, 3, 5, 7, 10, 12, 13, 14, 16, 17, 18, 19, 20, 21, 24, 26, 28, 30, 32, 36, 37, 39, 40, 43, 46, 48, 49, 54, 56, 57, 58, 60, 61, 62, 64, 67, 68, 70, 71, 72, 73, 78, 81, 85, 86, 87, 91, 92, 94, 95, 101, 104, 106, 108, 114, 116, 118, 119, 122, 123, 124, 126, 127, 129, 132, 134, 137, 138, 144, 145, 148, 149, 153, 155, 157, 159
94: 1, 3, 5, 6, 7, 8, 10, 11, 12, 14, 16, 17, 21, 22, 24, 28, 29, 33, 35, 37, 39, 40, 48, 54, 55, 56, 57, 58, 62, 67, 68, 71, 73, 79, 85, 87, 90, 91, 93, 95, 102, 105, 107, 108, 109, 111, 114, 116, 118, 119, 123, 127, 132, 134, 137, 138, 140, 144, 145, 147, 148, 149, 153, 157, 159
95: 1, 3, 5, 7, 10, 11, 12, 13, 14, 16, 17, 18, 19, 20, 21, 24, 26, 30, 37, 39, 40, 41, 43, 46, 48, 49, 54, 55, 56, 57, 58, 60, 61, 62, 64, 67, 68, 70, 71, 72, 73, 78, 81, 85, 86, 87, 91, 92, 93, 94, 101, 104, 106, 108, 111, 114, 116, 118, 119, 122, 123, 124, 126, 127, 129, 132, 134, 137, 138, 144, 145, 148, 149, 153, 157, 159
96: 0, 2, 22, 32, 39, 44, 47, 51, 53, 54, 62, 68, 85, 92, 104, 105, 106, 110, 116, 117, 124, 131, 136, 139, 140, 142, 143, 148
97: 22, 25, 42, 55, 63, 76, 88, 105, 109, 110, 133, 134, 140, 146
98: 32, 38, 42, 44, 45, 50, 53, 63, 106, 112, 117, 130, 131, 139
99: 32, 36, 53, 66, 77, 103, 136, 154
100: 9, 19, 20, 76, 78, 82, 89, 92, 106, 110, 114, 124, 131, 133
101: 1, 3, 7, 10, 12, 17, 21, 26, 37, 39, 40, 48, 54, 56, 57, 58, 61, 62, 64, 67, 68, 72, 78, 79, 85, 86, 87, 91, 93, 95, 106, 116, 118, 126, 127, 129, 132, 137, 138, 144, 145, 148, 149, 153, 159
102: 6, 14, 33, 51, 58, 68, 94, 142, 148
103: 4, 30, 36, 60, 99, 136
104: 1, 3, 4, 7, 10, 12, 13, 17, 21, 22, 24, 26, 27, 30, 31, 32, 34, 36, 37, 39, 41, 42, 43, 44, 48, 49, 53, 56, 57, 63, 67, 71, 80, 87, 92, 93, 95, 96, 105, 106, 108, 110, 115, 118, 123, 124, 132, 133, 134, 137, 139, 140, 144, 145, 146, 149, 153, 154, 159
105: 2, 4, 9, 22, 25, 27, 30, 31, 33, 34, 36, 41, 49, 51, 67, 69, 76, 92, 94, 96, 97, 104, 107, 110, 113, 121, 124, 131, 132, 134, 137, 140, 142, 143, 150, 158
106: 1, 2, 7, 12, 13, 27, 30, 32, 36, 39, 40, 42, 43, 44, 45, 47, 49, 51, 53, 62, 64, 68, 85, 86, 92, 93, 95, 96, 98, 100, 101, 104, 110, 115, 116, 117, 118, 124, 126, 129, 130, 131, 138, 139, 143, 144, 148, 149
107: 6, 22, 33, 69, 76, 94, 105, 113, 121, 140, 150, 158
108: 1, 3, 7, 9, 10, 11, 12, 17, 19, 20, 21, 26, 35, 37, 40, 41, 48, 56, 57, 67, 72, 83, 87, 91, 93, 94, 95, 104, 111, 114, 118, 123, 132, 137, 141, 144, 145, 149, 153, 159
109: 5, 18, 24, 25, 46, 55, 58, 70, 84, 94, 97, 134, 144
110: 1, 4, 5, 13, 17, 22, 24, 27, 30, 31, 32, 34, 36, 41, 42, 48, 49, 63, 71, 76, 87, 88, 89, 92, 96, 97, 100, 104, 105, 106, 115, 124, 133, 134, 137, 139, 140, 143, 146, 150
111: 1, 3, 7, 8, 9, 10, 11, 12, 17, 19, 20, 21, 37, 41, 48, 56, 67, 72, 78, 83, 84, 87, 94, 95, 108, 114, 118, 119, 123, 132, 137, 141, 145, 149, 153, 159
112: 18, 46, 58, 60, 62, 64, 73, 81, 86, 98, 116, 118, 122, 125, 126, 128, 129, 130
113: 22, 33, 76, 105, 107, 121, 140, 142
114: 1, 3, 7, 9, 10, 12, 17, 19, 20, 21, 26, 37, 40, 48, 56, 57, 62, 64, 67, 72, 78, 83, 85, 87, 91, 93, 94, 95, 100, 108, 111, 118, 123, 127, 132, 134, 137, 141, 144, 145, 149, 153, 155, 159
115: 1, 5, 13, 21, 24, 25, 30, 32, 36, 41, 42, 43, 46, 49, 63, 71, 92, 104, 106, 110, 124, 133, 134, 146
116: 1, 3, 5, 7, 12, 14, 16, 17, 18, 21, 24, 26, 32, 37, 39, 40, 44, 46, 48, 53, 54, 56, 57, 58, 60, 61, 62, 64, 67, 68, 73, 78, 79, 81, 85, 86, 87, 91, 92, 93, 94, 95, 96, 101, 106, 112, 118, 122, 124, 126, 127, 128, 129, 131, 132, 134, 137, 138, 144, 145, 148, 149, 155, 159
117: 32, 38, 44, 45, 47, 50, 53, 66, 96, 98, 106, 120, 130, 131
118: 1, 3, 5, 7, 10, 12, 13, 14, 16, 17, 18, 19, 20, 21, 24, 26, 30, 36, 37, 39, 40, 41, 43, 46, 48, 49, 54, 56, 57, 58, 60, 61, 62, 64, 67, 68, 70, 71, 72, 78, 81, 85, 86, 87, 91, 92, 93, 94, 95, 101, 104, 106, 108, 111, 112, 114, 116, 119, 122, 123, 124, 126, 127, 128, 129, 132, 134, 137, 138, 144, 145, 148, 149, 153, 157, 159
119: 1, 6, 7, 8, 10, 11, 12, 14, 16, 17, 21, 28, 29, 35, 37, 48, 54, 56, 57, 67, 79, 87, 90, 93, 94, 95, 111, 118, 123, 127, 132, 134, 137, 141, 144, 145, 147, 149, 151, 153, 157, 159
120: 44, 45, 47, 50, 52, 53, 117
121: 6, 22, 25, 105, 107, 113, 140
122: 1, 3, 7, 12, 14, 17, 18, 21, 24, 37, 39, 44, 46, 48, 54, 56, 57, 60, 62, 64, 68, 71, 73, 81, 85, 86, 87, 93, 95, 112, 116, 118, 126, 127, 128, 129, 137, 138, 144, 145, 148, 149, 159
123: 1, 3, 6, 7, 8, 10, 11, 12, 13, 16, 17, 18, 19, 20, 21, 24, 26, 28, 29, 34, 35, 37, 40, 41, 48, 49, 55, 56, 57, 67, 71, 72, 87, 91, 92, 93, 94, 95, 104, 108, 111, 114, 118, 119, 124, 132, 134, 137, 141, 144, 145, 147, 149, 153, 157, 159
124: 1, 3, 4, 7, 10, 12, 13, 17, 21, 22, 24, 26, 27, 30, 32, 34, 36, 37, 39, 40, 41, 42, 43, 44, 45, 47, 48, 49, 51, 53, 56, 57, 63, 67, 85, 87, 92, 93, 95, 96, 100, 104, 105, 106, 110, 115, 116, 118, 123, 131, 132, 133, 134, 137, 139, 140, 143, 144, 145, 146, 149, 150, 153, 154, 159
125: 52, 58, 78, 82, 83, 112, 126, 128, 155
126: 1, 3, 5, 7, 12, 14, 17, 18, 21, 24, 26, 32, 37, 39, 40, 44, 46, 47, 48, 54, 56, 57, 58, 60, 61, 62, 64, 67, 68, 70, 71, 72, 73, 78, 79, 81, 85, 86, 87, 91, 93, 95, 101, 106, 112, 116, 118, 122, 125, 127, 128, 129, 130, 132, 134, 137, 138, 144, 145, 148, 149, 159
127: 1, 3, 7, 12, 14, 17, 21, 37, 39, 40, 48, 54, 56, 57, 58, 61, 62, 64, 67, 68, 85, 86, 87, 93, 94, 95, 101, 114, 116, 118, 119, 122, 126, 129, 132, 137, 138, 144, 145, 148, 149, 155, 159
128: 1, 7, 18, 24, 39, 46, 54, 60, 62, 64, 73, 81, 86, 112, 116, 118, 122, 125, 126, 129, 130, 149
129: 1, 3, 5, 7, 10, 12, 13, 14, 17, 18, 21, 24, 26, 32, 37, 39, 40, 43, 46, 48, 54, 56, 57, 58, 60, 61, 62, 64, 67, 68, 71, 72, 78, 81, 85, 86, 87, 91, 92, 93, 95, 101, 106, 112, 116, 118, 122, 126, 127, 128, 132, 134, 137, 138, 144, 145, 148, 149, 153, 159
130: 44, 45, 47, 50, 98, 106, 112, 117, 126, 128
131: 2, 22, 32, 44, 47, 51, 53, 58, 68, 85, 92, 96, 98, 100, 105, 106, 116, 117, 124, 136, 140, 142, 143, 148, 152
132: 1, 3, 5, 6, 7, 8, 10, 11, 12, 13, 14, 16, 17, 18, 19, 20, 21, 24, 26, 28, 29, 35, 37, 39, 40, 46, 48, 49, 54, 55, 56, 57, 58, 61, 62, 64, 67, 68, 71, 72, 78, 79, 85, 86, 87, 91, 92, 93, 94, 95, 101, 104, 105, 108, 111, 114, 116, 118, 119, 123, 124, 126, 127, 129, 134, 137, 138, 144, 145, 147, 148, 149, 153, 157, 159
133: 2, 18, 22, 24, 42, 55, 63, 76, 92, 97, 100, 104, 110, 115, 124, 134, 140, 146
134: 1, 3, 5, 7, 10, 12, 14, 16, 17, 18, 21, 22, 24, 25, 26, 27, 30, 36, 37, 39, 40, 42, 46, 48, 54, 55, 56, 57, 58, 60, 62, 63, 64, 67, 68, 70, 71, 73, 76, 79, 85, 86, 87, 91, 92, 93, 94, 95, 97, 104, 105, 109, 110, 114, 115, 116, 118, 119, 123, 124, 126, 129, 132, 133, 137, 138, 140, 144, 145, 146, 148, 149, 153, 157, 159
136: 4, 31, 32, 36, 51, 53, 66, 69, 77, 96, 99, 103, 131, 142, 154
137: 1, 3, 5, 7, 10, 11, 12, 13, 14, 16, 17, 18, 19, 20, 21, 22, 24, 26, 30, 37, 39, 40, 41, 46, 48, 49, 54, 55, 56, 57, 60, 61, 62, 64, 67, 68, 70, 71, 72, 73, 81, 85, 86, 87, 91, 92, 93, 94, 95, 101, 104, 105, 108, 110, 111, 114, 116, 118, 119, 122, 123, 124, 126, 127, 129, 132, 134, 138, 140, 144, 145, 148, 149, 153, 157, 159
138: 1, 3, 5, 7, 12, 14, 17, 18, 21, 24, 26, 32, 37, 39, 40, 48, 54, 56, 57, 58, 60, 61, 62, 64, 67, 68, 71, 73, 78, 81, 85, 86, 87, 91, 93, 94, 95, 101, 106, 116, 118, 122, 126, 127, 129, 132, 134, 137, 144, 145, 148, 149, 159
139: 13, 27, 32, 39, 44, 47, 53, 61, 62, 86, 92, 96, 98, 104, 106, 110, 124, 143
140: 2, 4, 9, 22, 25, 27, 30, 31, 34, 41, 49, 51, 67, 76, 92, 94, 96, 97, 104, 105, 107, 110, 113, 121, 124, 131, 133, 134, 137, 142, 143
141: 8, 11, 16, 19, 20, 28, 29, 35, 72, 83, 108, 111, 114, 119, 123, 147, 157
142: 2, 22, 51, 76, 77, 96, 102, 105, 113, 131, 136, 140, 143
143: 2, 22, 27, 32, 39, 51, 76, 96, 105, 106, 110, 124, 131, 139, 140, 142
144: 1, 3, 5, 7, 10, 12, 13, 14, 16, 17, 18, 19, 20, 21, 24, 26, 27, 28, 30, 32, 35, 36, 37, 39, 40, 43, 46, 48, 49, 54, 56, 57, 58, 60, 61, 62, 64, 67, 68, 70, 71, 72, 73, 78, 81, 85, 86, 87, 91, 92, 93, 94, 95, 101, 104, 106, 108, 109, 114, 116, 118, 119, 122, 123, 124, 126, 127, 129, 132, 134, 137, 138, 145, 148, 149, 153, 157, 159
145: 1, 3, 5, 7, 10, 11, 12, 13, 14, 16, 17, 18, 19, 20, 21, 24, 26, 30, 37, 39, 40, 41, 43, 46, 48, 49, 54, 56, 57, 58, 61, 62, 64, 67, 68, 71, 72, 85, 86, 87, 91, 92, 93, 94, 95, 101, 104, 108, 111, 114, 116, 118, 119, 122, 123, 124, 126, 127, 129, 132, 134, 137, 138, 144, 148, 149, 153, 157, 159
146: 18, 24, 27, 30, 42, 55, 63, 71, 76, 88, 97, 104, 110, 115, 124, 133, 134
147: 6, 8, 11, 16, 21, 28, 29, 33, 35, 56, 67, 69, 87, 90, 91, 94, 119, 123, 132, 141, 157, 158, 159
148: 1, 2, 3, 5, 7, 12, 14, 17, 18, 21, 24, 26, 32, 37, 39, 40, 48, 54, 56, 57, 58, 60, 61, 62, 64, 67, 68, 73, 78, 81, 85, 86, 87, 91, 92, 93, 94, 95, 96, 101, 102, 106, 116, 118, 122, 126, 127, 129, 131, 132, 134, 137, 138, 144, 145, 149, 159
149: 1, 3, 5, 7, 10, 12, 13, 14, 16, 17, 18, 19, 20, 21, 24, 26, 30, 36, 37, 39, 40, 43, 46, 48, 49, 54, 56, 57, 58, 60, 61, 62, 64, 67, 68, 71, 72, 78, 81, 85, 86, 87, 91, 92, 93, 94, 95, 101, 104, 106, 108, 111, 114, 116, 118, 119, 122, 123, 124, 126, 127, 128, 129, 132, 134, 137, 138, 144, 145, 148, 153, 157, 159
150: 22, 25, 34, 76, 105, 107, 110, 124
151: 119
152: 2, 131
153: 1, 3, 5, 7, 8, 10, 11, 12, 13, 16, 17, 18, 19, 20, 21, 24, 26, 29, 30, 34, 35, 37, 40, 41, 43, 46, 48, 49, 56, 57, 64, 67, 71, 72, 87, 91, 92, 93, 94, 95, 101, 104, 108, 111, 114, 118, 119, 123, 124, 129, 132, 134, 137, 144, 145, 149, 157, 159
154: 4, 16, 22, 30, 31, 36, 49, 69, 77, 80, 99, 104, 124, 136, 157, 158
155: 14, 48, 52, 54, 72, 78, 83, 85, 93, 114, 116, 125, 127
156: 54, 73, 79
157: 1, 4, 5, 6, 7, 8, 10, 11, 12, 14, 16, 17, 21, 26, 28, 29, 31, 33, 35, 37, 48, 56, 57, 60, 67, 69, 70, 79, 85, 87, 90, 91, 93, 94, 95, 118, 119, 123, 132, 134, 137, 141, 144, 145, 147, 149, 153, 154, 158, 159
158: 4, 8, 29, 31, 69, 77, 80, 105, 107, 147, 154, 157
159: 1, 3, 5, 7, 10, 11, 12, 13, 14, 16, 17, 18, 19, 20, 21, 24, 26, 28, 30, 37, 39, 40, 41, 46, 48, 49, 54, 55, 56, 57, 61, 62, 64, 67, 68, 71, 72, 78, 85, 86, 87, 91, 92, 93, 94, 95, 101, 104, 108, 111, 114, 116, 118, 119, 122, 123, 124, 126, 127, 129, 132, 134, 137, 138, 144, 145, 147, 148, 149, 153, 157
edgeCount: 5628
