0: 1, 2, 14, 21, 22, 25, 27, 32, 39, 44, 45, 47, 49, 50, 51, 52, 53, 54, 58, 59, 61, 66, 68, 75, 77, 81, 85, 96, 104, 105, 106, 110, 115, 117, 120, 122, 126, 131, 136, 139, 140, 142, 143, 148, 152, 155
1: 0, 2, 3, 4, 5, 6, 7, 8, 9, 10, 11, 12, 13, 14, 16, 17, 18, 19, 20, 21, 22, 24, 25, 26, 27, 28, 29, 30, 31, 32, 33, 34, 35, 36, 37, 39, 40, 41, 42, 43, 44, 45, 46, 47, 48, 49, 50, 51, 52, 53, 54, 55, 56, 57, 58, 59, 60, 61, 62, 63, 64, 67, 68, 69, 70, 71, 72, 73, 76, 78, 79, 80, 81, 82, 83, 84, 85, 86, 87, 89, 90, 91, 92, 93, 94, 95, 96, 97, 98, 99, 100, 101, 102, 103, 104, 105, 106, 108, 109, 110, 111, 112, 114, 115, 116, 117, 118, 119, 120, 122, 123, 124, 125, 126, 127, 128, 129, 130, 131, 132, 133, 134, 136, 137, 138, 139, 140, 141, 143, 144, 145, 146, 147, 148, 149, 150, 151, 153, 154, 155, 156, 157, 159
2: 0, 1, 4, 5, 7, 9, 12, 13, 14, 17, 18, 21, 22, 24, 25, 27, 30, 31, 32, 33, 36, 38, 39, 42, 44, 45, 47, 48, 49, 50, 51, 52, 53, 54, 55, 58, 59, 60, 61, 62, 63, 65, 66, 67, 68, 71, 73, 75, 76, 77, 78, 81, 84, 85, 86, 87, 88, 89, 92, 93, 94, 95, 96, 97, 98, 99, 100, 102, 103, 104, 105, 106, 107, 109, 110, 113, 115, 116, 117, 118, 120, 121, 122, 124, 126, 127, 129, 130, 131, 132, 133, 134, 136, 137, 138, 139, 140, 142, 143, 144, 145, 146, 148, 149, 152, 154, 155, 159
3: 1, 4, 5, 6, 7, 8, 9, 10, 11, 12, 13, 14, 16, 17, 18, 19, 20, 21, 22, 24, 26, 27, 28, 29, 30, 31, 32, 33, 34, 35, 36, 37, 39, 40, 41, 42, 43, 44, 45, 46, 47, 48, 49, 53, 54, 55, 56, 57, 58, 60, 61, 62, 63, 64, 67, 68, 70, 71, 72, 73, 76, 78, 79, 80, 81, 83, 85, 86, 87, 90, 91, 92, 93, 94, 95, 96, 98, 99, 100, 101, 103, 104, 105, 106, 107, 108, 109, 110, 111, 112, 113, 114, 115, 116, 117, 118, 119, 121, 122, 123, 124, 125, 126, 127, 128, 129, 130, 131, 132, 133, 134, 137, 138, 139, 140, 141, 144, 145, 146, 147, 148, 149, 150, 151, 153, 154, 155, 156, 157, 159
4: 1, 2, 3, 5, 7, 8, 9, 10, 11, 12, 13, 14, 16, 17, 18, 19, 20, 21, 22, 23, 24, 25, 26, 27, 28, 29, 30, 31, 32, 33, 34, 36, 37, 38, 39, 40, 41, 42, 43, 44, 45, 46, 47, 48, 49, 51, 53, 54, 56, 57, 60, 62, 63, 64, 66, 67, 68, 69, 70, 71, 72, 73, 76, 77, 79, 80, 85, 86, 87, 88, 89, 90, 91, 92, 93, 94, 95, 96, 97, 99, 100, 103, 104, 105, 106, 107, 108, 110, 111, 113, 114, 115, 116, 117, 118, 119, 121, 122, 123, 124, 126, 127, 129, 131, 132, 133, 134, 136, 137, 138, 139, 140, 141, 142, 143, 144, 145, 146, 147, 148, 149, 150, 153, 154, 157, 158, 159
5: 1, 2, 3, 4, 6, 7, 8, 9, 10, 11, 12, 13, 14, 15, 16, 17, 18, 19, 20, 21, 22, 23, 24, 25, 26, 27, 28, 29, 30, 31, 32, 33, 34, 35, 36, 37, 38, 39, 40, 41, 42, 43, 44, 45, 46, 47, 48, 49, 51, 53, 54, 55, 56, 57, 58, 60, 61, 62, 63, 64, 66, 67, 68, 69, 70, 71, 72, 73, 74, 76, 77, 78, 79, 80, 81, 82, 83, 84, 85, 86, 87, 88, 89, 90, 91, 92, 93, 94, 95, 96, 97, 98, 99, 100, 101, 102, 103, 104, 105, 106, 108, 109, 110, 111, 112, 113, 114, 115, 116, 117, 118, 119, 122, 123, 124, 125, 126, 127, 128, 129, 131, 132, 133, 134, 136, 137, 138, 139, 140, 141, 142, 143, 144, 145, 146, 147, 148, 149, 150, 151, 153, 154, 155, 157, 158, 159
6: 1, 3, 5, 7, 8, 9, 10, 11, 12, 14, 16, 17, 18, 19, 20, 21, 22, 24, 25, 26, 28, 29, 31, 33, 34, 35, 37, 39, 40, 48, 49, 51, 54, 55, 56, 57, 58, 61, 62, 64, 67, 68, 69, 72, 73, 76, 78, 79, 83, 84, 85, 87, 90, 91, 92, 93, 94, 95, 100, 101, 102, 105, 107, 108, 109, 111, 113, 114, 116, 118, 119, 121, 123, 124, 127, 129, 132, 134, 137, 138, 140, 141, 142, 144, 145, 147, 148, 149, 150, 151, 153, 156, 157, 158, 159
7: 1, 2, 3, 4, 5, 6, 8, 9, 10, 11, 12, 13, 14, 16, 17, 18, 19, 20, 21, 22, 24, 25, 26, 27, 28, 29, 30, 31, 32, 33, 34, 35, 36, 37, 39, 40, 41, 42, 43, 44, 45, 46, 47, 48, 49, 50, 51, 52, 53, 54, 55, 56, 57, 58, 59, 60, 61, 62, 63, 64, 67, 68, 69, 70, 71, 72, 73, 76, 78, 79, 80, 81, 82, 83, 84, 85, 86, 87, 89, 90, 91, 92, 93, 94, 95, 96, 98, 99, 100, 101, 102, 103, 104, 105, 106, 107, 108, 109, 110, 111, 112, 113, 114, 115, 116, 117, 118, 119, 120, 121, 122, 123, 124, 125, 126, 127, 128, 129, 130, 131, 132, 133, 134, 136, 137, 138, 139, 140, 141, 143, 144, 145, 146, 147, 148, 149, 150, 151, 153, 154, 155, 156, 157, 159
8: 1, 3, 4, 5, 6, 7, 10, 11, 12, 16, 17, 19, 20, 21, 22, 23, 24, 25, 26, 28, 29, 30, 31, 33, 34, 35, 36, 37, 40, 41, 46, 48, 49, 54, 55, 56, 57, 67, 69, 70, 71, 72, 74, 76, 79, 80, 83, 87, 88, 90, 91, 93, 94, 95, 101, 102, 104, 105, 107, 108, 109, 111, 113, 114, 115, 118, 119, 121, 123, 132, 134, 135, 137, 140, 141, 144, 145, 147, 149, 150, 151, 153, 154, 156, 157, 158, 159
9: 1, 2, 3, 4, 5, 6, 7, 10, 11, 12, 13, 14, 16, 17, 19, 20, 21, 22, 24, 25, 27, 30, 31, 32, 34, 36, 37, 39, 40, 41, 42, 43, 44, 48, 49, 51, 52, 53, 56, 57, 61, 62, 63, 65, 67, 68, 69, 71, 72, 76, 78, 80, 82, 83, 84, 85, 87, 89, 92, 93, 94, 95, 96, 97, 100, 104, 105, 106, 107, 108, 110, 111, 113, 114, 115, 118, 119, 121, 123, 124, 131, 132, 133, 134, 136, 137, 139, 140, 141, 142, 143, 144, 145, 146, 148, 149, 150, 153, 154, 155, 157, 158, 159
10: 1, 3, 4, 5, 6, 7, 8, 9, 11, 12, 13, 14, 16, 17, 18, 19, 20, 21, 22, 24, 25, 26, 27, 28, 29, 30, 31, 32, 33, 34, 35, 36, 37, 39, 40, 41, 42, 43, 44, 46, 47, 48, 49, 53, 54, 55, 56, 57, 58, 60, 61, 62, 63, 64, 67, 68, 69, 70, 71, 72, 73, 76, 78, 79, 80, 81, 83, 84, 85, 86, 87, 90, 91, 92, 93, 94, 95, 96, 100, 101, 104, 105, 106, 107, 108, 109, 110, 111, 112, 113, 114, 115, 116, 118, 119, 121, 122, 123, 124, 126, 127, 128, 129, 131, 132, 133, 134, 137, 138, 139, 140, 141, 144, 145, 146, 147, 148, 149, 150, 151, 153, 154, 155, 157, 158, 159
11: 1, 3, 4, 5, 6, 7, 8, 9, 10, 12, 13, 14, 16, 17, 18, 19, 20, 21, 22, 23, 24, 26, 28, 29, 30, 31, 33, 34, 35, 36, 37, 39, 40, 41, 43, 46, 48, 49, 54, 55, 56, 57, 58, 60, 62, 64, 67, 68, 69, 70, 71, 72, 73, 74, 76, 79, 80, 83, 84, 85, 86, 87, 88, 89, 90, 91, 92, 93, 94, 95, 101, 102, 104, 105, 107, 108, 109, 110, 111, 113, 114, 115, 116, 118, 119, 121, 123, 124, 126, 127, 129, 132, 134, 135, 137, 138, 140, 141, 144, 145, 147, 148, 149, 150, 151, 153, 154, 156, 157, 158, 159
12: 1, 2, 3, 4, 5, 6, 7, 8, 9, 10, 11, 13, 14, 16, 17, 18, 19, 20, 21, 22, 24, 25, 26, 27, 28, 29, 30, 31, 32, 33, 34, 35, 36, 37, 39, 40, 41, 42, 43, 44, 45, 46, 47, 48, 49, 51, 53, 54, 55, 56, 57, 58, 59, 60, 61, 62, 63, 64, 67, 68, 69, 70, 71, 72, 73, 76, 78, 79, 80, 81, 83, 84, 85, 86, 87, 89, 90, 91, 92, 93, 94, 95, 96, 98, 99, 100, 101, 102, 103, 104, 105, 106, 107, 108, 109, 110, 111, 112, 113, 114, 115, 116, 117, 118, 119, 120, 121, 122, 123, 124, 125, 126, 127, 128, 129, 130, 131, 132, 133, 134, 136, 137, 138, 139, 140, 141, 143, 144, 145, 146, 147, 148, 149, 150, 151, 153, 154, 155, 156, 157, 159
13: 1, 2, 3, 4, 5, 7, 9, 10, 11, 12, 14, 15, 16, 17, 18, 19, 20, 21, 22, 24, 25, 26, 27, 28, 29, 30, 31, 32, 34, 35, 36, 37, 38, 39, 40, 41, 42, 43, 44, 45, 46, 47, 48, 49, 50, 51, 52, 53, 54, 56, 57, 58, 60, 61, 62, 63, 64, 66, 67, 68, 69, 70, 71, 72, 73, 76, 78, 80, 81, 82, 83, 85, 86, 87, 89, 91, 92, 93, 94, 95, 96, 98, 99, 100, 101, 103, 104, 105, 106, 107, 108, 110, 111, 112, 113, 114, 115, 116, 117, 118, 119, 120, 121, 122, 123, 124, 126, 127, 128, 129, 130, 131, 132, 133, 134, 136, 137, 138, 139, 140, 143, 144, 145, 146, 148, 149, 150, 153, 154, 155, 157, 158, 159
14: 0, 1, 2, 3, 4, 5, 6, 7, 9, 10, 11, 12, 13, 16, 17, 18, 20, 21, 22, 24, 25, 26, 27, 28, 30, 31, 32, 33, 35, 36, 37, 39, 40, 44, 45, 46, 47, 48, 49, 51, 53, 54, 55, 56, 57, 58, 59, 60, 61, 62, 64, 67, 68, 70, 71, 72, 73, 75, 76, 77, 78, 79, 81, 83, 84, 85, 86, 87, 90, 91, 92, 93, 94, 95, 96, 97, 99, 101, 102, 103, 104, 105, 106, 107, 108, 109, 110, 111, 112, 114, 115, 116, 118, 119, 122, 123, 124, 125, 126, 127, 128, 129, 131, 132, 133, 134, 136, 137, 138, 139, 140, 142, 143, 144, 145, 146, 147, 148, 149, 150, 151, 153, 154, 155, 156, 157, 159
15: 5, 13, 18, 23, 24, 25, 27, 29, 35, 36, 42, 46, 49, 55, 63, 66, 69, 70, 71, 74, 75, 83, 84, 88, 89, 97, 99, 100, 109, 110, 115, 117, 121, 124, 133, 134, 146, 150, 151
16: 1, 3, 4, 5, 6, 7, 8, 9, 10, 11, 12, 13, 14, 17, 18, 19, 20, 21, 22, 23, 24, 25, 26, 27, 28, 29, 30, 31, 32, 33, 34, 35, 36, 37, 39, 40, 41, 43, 46, 48, 49, 51, 53, 54, 55, 56, 57, 58, 60, 61, 62, 64, 66, 67, 68, 69, 70, 71, 72, 73, 76, 77, 78, 79, 80, 81, 83, 84, 85, 86, 87, 88, 89, 90, 91, 92, 93, 94, 95, 99, 101, 102, 103, 104, 105, 107, 108, 109, 110, 111, 113, 114, 115, 116, 118, 119, 122, 123, 124, 126, 127, 128, 129, 132, 133, 134, 136, 137, 138, 140, 141, 142, 143, 144, 145, 147, 148, 149, 150, 151, 153, 154, 155, 156, 157, 158, 159
17: 1, 2, 3, 4, 5, 6, 7, 8, 9, 10, 11, 12, 13, 14, 16, 18, 19, 20, 21, 22, 24, 25, 26, 27, 28, 29, 30, 31, 32, 33, 34, 35, 36, 37, 39, 40, 41, 42, 43, 44, 45, 46, 47, 48, 49, 51, 53, 54, 55, 56, 57, 58, 59, 60, 61, 62, 63, 64, 67, 68, 69, 70, 71, 72, 73, 76, 78, 79, 80, 81, 83, 84, 85, 86, 87, 89, 90, 91, 92, 93, 94, 95, 96, 98, 99, 100, 101, 102, 103, 104, 105, 106, 107, 108, 109, 110, 111, 112, 113, 114, 115, 116, 117, 118, 119, 121, 122, 123, 124, 125, 126, 127, 128, 129, 130, 131, 132, 133, 134, 136, 137, 138, 139, 140, 141, 143, 144, 145, 146, 147, 148, 149, 150, 151, 153, 154, 155, 156, 157, 159
18: 1, 2, 3, 4, 5, 6, 7, 10, 11, 12, 13, 14, 15, 16, 17, 19, 20, 21, 22, 23, 24, 25, 26, 27, 28, 29, 30, 32, 34, 35, 36, 37, 38, 39, 40, 41, 42, 43, 44, 45, 46, 47, 48, 49, 50, 52, 53, 54, 55, 56, 57, 58, 59, 60, 61, 62, 63, 64, 67, 68, 70, 71, 72, 73, 76, 78, 79, 81, 83, 84, 85, 86, 87, 88, 89, 91, 92, 93, 94, 95, 96, 97, 98, 100, 101, 104, 105, 106, 108, 109, 110, 111, 112, 114, 115, 116, 117, 118, 119, 120, 122, 123, 124, 125, 126, 127, 128, 129, 130, 131, 132, 133, 134, 137, 138, 139, 140, 144, 145, 146, 148, 149, 150, 151, 152, 153, 155, 157, 159
19: 1, 3, 4, 5, 6, 7, 8, 9, 10, 11, 12, 13, 16, 17, 18, 20, 21, 22, 24, 26, 27, 28, 29, 30, 31, 32, 34, 35, 36, 37, 39, 40, 41, 42, 43, 46, 48, 49, 52, 54, 55, 56, 57, 58, 60, 61, 62, 63, 64, 67, 68, 70, 71, 72, 73, 78, 79, 80, 81, 82, 83, 84, 85, 86, 87, 89, 90, 91, 92, 93, 94, 95, 100, 101, 104, 105, 106, 108, 109, 110, 111, 112, 113, 114, 115, 116, 118, 119, 121, 122, 123, 124, 125, 126, 127, 128, 129, 132, 134, 137, 138, 140, 141, 144, 145, 147, 148, 149, 150, 151, 153, 155, 157, 159
20: 1, 3, 4, 5, 6, 7, 8, 9, 10, 11, 12, 13, 14, 16, 17, 18, 19, 21, 22, 24, 25, 26, 27, 28, 29, 30, 31, 32, 34, 35, 36, 37, 39, 40, 41, 42, 43, 45, 46, 48, 49, 52, 53, 54, 55, 56, 57, 58, 60, 61, 62, 63, 64, 67, 68, 70, 71, 72, 73, 78, 79, 80, 81, 82, 83, 84, 85, 86, 87, 89, 90, 91, 92, 93, 94, 95, 100, 101, 104, 105, 106, 108, 109, 110, 111, 112, 113, 114, 115, 116, 118, 119, 121, 122, 123, 124, 125, 126, 127, 128, 129, 132, 134, 137, 138, 139, 140, 141, 144, 145, 146, 147, 148, 149, 150, 151, 153, 154, 155, 157, 159
21: 0, 1, 2, 3, 4, 5, 6, 7, 8, 9, 10, 11, 12, 13, 14, 16, 17, 18, 19, 20, 22, 24, 25, 26, 27, 28, 29, 30, 31, 32, 33, 34, 35, 36, 37, 39, 40, 41, 42, 43, 44, 45, 46, 47, 48, 49, 51, 52, 53, 54, 55, 56, 57, 58, 60, 61, 62, 63, 64, 66, 67, 68, 69, 70, 71, 72, 73, 76, 78, 79, 80, 81, 83, 84, 85, 86, 87, 89, 90, 91, 92, 93, 94, 95, 96, 99, 100, 101, 102, 103, 104, 105, 106, 107, 108, 109, 110, 111, 112, 114, 115, 116, 117, 118, 119, 120, 121, 122, 123, 124, 125, 126, 127, 128, 129, 131, 132, 133, 134, 136, 137, 138, 139, 140, 141, 144, 145, 146, 147, 148, 149, 150, 151, 153, 154, 155, 156, 157, 158, 159
22: 0, 1, 2, 3, 4, 5, 6, 7, 8, 9, 10, 11, 12, 13, 14, 16, 17, 18, 19, 20, 21, 24, 25, 26, 27, 28, 29, 30, 31, 32, 33, 34, 35, 36, 37, 39, 40, 41, 42, 43, 44, 47, 48, 49, 51, 53, 54, 55, 56, 57, 58, 61, 62, 63, 66, 67, 68, 69, 71, 72, 75, 76, 77, 80, 84, 85, 87, 88, 89, 90, 91, 92, 93, 94, 95, 96, 97, 99, 100, 102, 103, 104, 105, 106, 107, 108, 109, 110, 111, 113, 114, 115, 116, 118, 119, 121, 123, 124, 127, 129, 131, 132, 133, 134, 136, 137, 138, 139, 140, 141, 142, 143, 144, 145, 146, 147, 148, 149, 150, 151, 152, 153, 154, 157, 158, 159
23: 4, 5, 8, 11, 15, 16, 18, 24, 25, 28, 29, 31, 36, 42, 46, 49, 55, 63, 66, 69, 70, 71, 74, 76, 77, 84, 88, 89, 90, 97, 109, 110, 115, 133, 134, 135, 136, 146, 150, 151, 154, 157, 158
24: 1, 2, 3, 4, 5, 6, 7, 8, 9, 10, 11, 12, 13, 14, 15, 16, 17, 18, 19, 20, 21, 22, 23, 25, 26, 27, 28, 29, 30, 31, 32, 33, 34, 35, 36, 37, 39, 40, 41, 42, 43, 44, 45, 46, 47, 48, 49, 50, 51, 52, 53, 54, 55, 56, 57, 58, 59, 60, 61, 62, 63, 64, 67, 68, 70, 71, 72, 73, 76, 78, 79, 81, 83, 84, 85, 86, 87, 88, 89, 90, 91, 92, 93, 94, 95, 96, 97, 98, 100, 101, 102, 103, 104, 105, 106, 108, 109, 110, 111, 112, 114, 115, 116, 117, 118, 119, 120, 122, 123, 124, 125, 126, 127, 128, 129, 130, 131, 132, 133, 134, 136, 137, 138, 139, 140, 141, 143, 144, 145, 146, 147, 148, 149, 150, 151, 153, 154, 155, 156, 157, 159
25: 0, 1, 2, 4, 5, 6, 7, 8, 9, 10, 12, 13, 14, 15, 16, 17, 18, 20, 21, 22, 23, 24, 26, 27, 28, 29, 30, 31, 32, 33, 34, 35, 36, 40, 41, 42, 43, 44, 46, 48, 49, 51, 53, 55, 58, 61, 63, 66, 67, 68, 69, 70, 71, 74, 75, 76, 77, 78, 84, 85, 87, 88, 89, 90, 91, 92, 93, 94, 95, 96, 97, 99, 100, 102, 104, 105, 106, 107, 109, 110, 111, 113, 115, 116, 117, 118, 119, 121, 123, 124, 131, 132, 133, 134, 136, 137, 138, 140, 141, 142, 143, 144, 145, 146, 147, 148, 149, 150, 151, 152, 153, 154, 157, 158, 159
26: 1, 3, 4, 5, 6, 7, 8, 10, 11, 12, 13, 14, 16, 17, 18, 19, 20, 21, 22, 24, 25, 27, 28, 29, 30, 31, 32, 34, 35, 36, 37, 39, 40, 41, 42, 43, 44, 45, 46, 47, 48, 49, 50, 52, 53, 54, 55, 56, 57, 58, 60, 61, 62, 63, 64, 66, 67, 68, 69, 70, 71, 72, 73, 78, 79, 80, 81, 82, 83, 84, 85, 86, 87, 89, 90, 91, 92, 93, 94, 95, 96, 98, 99, 100, 101, 103, 104, 105, 106, 108, 109, 110, 111, 112, 113, 114, 115, 116, 117, 118, 119, 120, 121, 122, 123, 124, 125, 126, 127, 128, 129, 130, 131, 132, 133, 134, 136, 137, 138, 139, 140, 141, 144, 145, 146, 147, 148, 149, 150, 151, 153, 154, 155, 157, 159
27: 0, 1, 2, 3, 4, 5, 7, 9, 10, 12, 13, 14, 15, 16, 17, 18, 19, 20, 21, 22, 24, 25, 26, 30, 31, 32, 34, 36, 37, 38, 39, 40, 41, 42, 43, 44, 45, 46, 47, 48, 49, 51, 53, 54, 55, 56, 57, 58, 60, 61, 62, 63, 64, 67, 68, 69, 70, 71, 72, 73, 76, 78, 79, 80, 81, 82, 84, 85, 86, 87, 88, 89, 90, 91, 92, 93, 94, 95, 96, 97, 98, 99, 100, 103, 104, 105, 106, 107, 108, 109, 110, 111, 113, 114, 115, 116, 117, 118, 119, 120, 121, 122, 123, 124, 126, 129, 131, 132, 133, 134, 136, 137, 138, 139, 140, 142, 143, 144, 145, 146, 148, 149, 150, 152, 153, 154, 157, 158, 159
28: 1, 3, 4, 5, 6, 7, 8, 10, 11, 12, 13, 14, 16, 17, 18, 19, 20, 21, 22, 23, 24, 25, 26, 29, 30, 31, 33, 35, 36, 37, 39, 40, 41, 43, 46, 48, 49, 54, 55, 56, 57, 58, 60, 61, 62, 64, 66, 67, 68, 69, 70, 71, 72, 73, 74, 77, 78, 79, 80, 83, 84, 85, 86, 87, 90, 91, 93, 94, 95, 99, 101, 102, 104, 105, 107, 108, 109, 111, 113, 114, 115, 116, 118, 119, 121, 122, 123, 124, 126, 127, 129, 132, 134, 136, 137, 138, 140, 141, 144, 145, 147, 148, 149, 151, 153, 154, 155, 156, 157, 158, 159
29: 1, 3, 4, 5, 6, 7, 8, 10, 11, 12, 13, 15, 16, 17, 18, 19, 20, 21, 22, 23, 24, 25, 26, 28, 30, 31, 33, 34, 35, 36, 37, 40, 41, 43, 46, 48, 49, 55, 56, 57, 58, 66, 67, 69, 70, 71, 72, 74, 79, 80, 83, 87, 88, 90, 91, 92, 93, 94, 95, 101, 102, 105, 107, 108, 109, 111, 113, 114, 115, 116, 118, 119, 121, 123, 124, 132, 134, 135, 137, 140, 141, 144, 145, 147, 149, 151, 153, 154, 157, 158, 159
30: 1, 2, 3, 4, 5, 7, 8, 9, 10, 11, 12, 13, 14, 16, 17, 18, 19, 20, 21, 22, 24, 25, 26, 27, 28, 29, 31, 32, 34, 35, 36, 37, 39, 40, 41, 42, 43, 44, 45, 46, 47, 48, 49, 51, 53, 54, 55, 56, 57, 60, 61, 62, 63, 64, 67, 68, 69, 70, 71, 72, 73, 76, 77, 78, 79, 80, 81, 85, 86, 87, 88, 89, 91, 92, 93, 94, 95, 96, 97, 98, 99, 100, 101, 103, 104, 105, 106, 107, 108, 110, 111, 113, 114, 115, 116, 117, 118, 119, 120, 121, 122, 123, 124, 126, 127, 129, 130, 131, 132, 133, 134, 136, 137, 138, 139, 140, 142, 143, 144, 145, 146, 147, 148, 149, 150, 153, 154, 155, 157, 158, 159
31: 1, 2, 3, 4, 5, 6, 7, 8, 9, 10, 11, 12, 13, 14, 16, 17, 19, 20, 21, 22, 23, 24, 25, 26, 27, 28, 29, 30, 32, 33, 34, 35, 36, 37, 40, 41, 42, 43, 47, 48, 49, 51, 53, 56, 57, 60, 63, 66, 67, 68, 69, 70, 71, 72, 74, 76, 77, 79, 80, 85, 87, 88, 89, 90, 91, 92, 93, 94, 95, 96, 97, 99, 100, 102, 103, 104, 105, 106, 107, 108, 110, 111, 113, 114, 115, 116, 118, 119, 121, 123, 124, 131, 132, 133, 134, 135, 136, 137, 138, 139, 140, 141, 142, 143, 144, 145, 146, 147, 148, 149, 150, 153, 154, 157, 158, 159
32: 0, 1, 2, 3, 4, 5, 7, 9, 10, 12, 13, 14, 16, 17, 18, 19, 20, 21, 22, 24, 25, 26, 27, 30, 31, 34, 36, 37, 38, 39, 40, 41, 42, 43, 44, 45, 46, 47, 48, 49, 50, 51, 52, 53, 54, 56, 57, 58, 60, 61, 62, 63, 64, 66, 67, 68, 70, 71, 72, 73, 76, 77, 78, 79, 81, 82, 85, 86, 87, 89, 91, 92, 93, 94, 95, 96, 98, 99, 100, 101, 103, 104, 105, 106, 110, 112, 113, 114, 115, 116, 117, 118, 120, 121, 122, 124, 126, 127, 128, 129, 130, 131, 132, 133, 134, 136, 137, 138, 139, 140, 142, 143, 144, 145, 146, 148, 149, 150, 152, 153, 154, 155, 157, 159
33: 1, 2, 3, 4, 5, 6, 7, 8, 10, 11, 12, 14, 16, 17, 21, 22, 24, 25, 28, 29, 31, 34, 35, 37, 39, 40, 48, 51, 54, 55, 56, 57, 58, 59, 61, 62, 67, 68, 69, 70, 76, 77, 79, 80, 84, 85, 87, 90, 91, 93, 94, 95, 97, 101, 102, 105, 107, 108, 109, 111, 113, 114, 116, 118, 119, 121, 123, 127, 131, 132, 134, 137, 138, 140, 141, 142, 143, 144, 145, 147, 148, 149, 150, 151, 153, 154, 156, 157, 158, 159
34: 1, 3, 4, 5, 6, 7, 8, 9, 10, 11, 12, 13, 16, 17, 18, 19, 20, 21, 22, 24, 25, 26, 27, 29, 30, 31, 32, 33, 35, 36, 37, 40, 41, 42, 43, 48, 49, 51, 53, 55, 56, 57, 63, 67, 69, 71, 72, 76, 80, 87, 88, 89, 91, 92, 93, 94, 95, 96, 97, 100, 104, 105, 106, 107, 108, 110, 111, 113, 114, 115, 118, 119, 121, 123, 124, 131, 132, 133, 134, 135, 137, 139, 140, 141, 142, 143, 144, 145, 146, 147, 149, 150, 153, 154, 157, 158, 159
35: 1, 3, 5, 6, 7, 8, 10, 11, 12, 13, 14, 15, 16, 17, 18, 19, 20, 21, 22, 24, 25, 26, 28, 29, 30, 31, 33, 34, 36, 37, 40, 41, 43, 46, 48, 49, 54, 55, 56, 57, 58, 61, 64, 67, 69, 70, 71, 72, 74, 78, 79, 80, 83, 87, 90, 91, 92, 93, 94, 95, 101, 104, 105, 107, 108, 109, 111, 113, 114, 115, 116, 118, 119, 121, 123, 124, 127, 129, 132, 134, 135, 137, 140, 141, 144, 145, 147, 149, 150, 151, 153, 154, 156, 157, 158, 159
36: 1, 2, 3, 4, 5, 7, 8, 9, 10, 11, 12, 13, 14, 15, 16, 17, 18, 19, 20, 21, 22, 23, 24, 25, 26, 27, 28, 29, 30, 31, 32, 34, 35, 37, 38, 39, 40, 41, 42, 43, 44, 45, 46, 47, 48, 49, 51, 52, 53, 56, 57, 58, 60, 61, 62, 63, 64, 66, 67, 68, 69, 70, 71, 72, 73, 74, 76, 77, 78, 80, 81, 82, 85, 86, 87, 88, 89, 90, 91, 92, 93, 94, 95, 96, 97, 98, 99, 100, 101, 103, 104, 105, 106, 107, 108, 109, 110, 111, 113, 114, 115, 116, 117, 118, 119, 120, 121, 122, 123, 124, 126, 129, 130, 131, 132, 133, 134, 136, 137, 138, 139, 140, 141, 142, 143, 144, 145, 146, 147, 148, 149, 150, 153, 154, 155, 157, 158, 159
37: 1, 3, 4, 5, 6, 7, 8, 9, 10, 11, 12, 13, 14, 16, 17, 18, 19, 20, 21, 22, 24, 26, 27, 28, 29, 30, 31, 32, 33, 34, 35, 36, 39, 40, 41, 42, 43, 44, 45, 46, 47, 48, 49, 53, 54, 55, 56, 57, 58, 60, 61, 62, 63, 64, 67, 68, 69, 70, 71, 72, 73, 76, 78, 79, 80, 81, 83, 84, 85, 86, 87, 89, 90, 91, 92, 93, 94, 95, 96, 99, 100, 101, 103, 104, 105, 106, 107, 108, 109, 110, 111, 112, 114, 115, 116, 118, 119, 122, 123, 124, 125, 126, 127, 128, 129, 130, 131, 132, 133, 134, 136, 137, 138, 139, 140, 141, 143, 144, 145, 146, 147, 148, 149, 150, 151, 153, 154, 155, 156, 157, 159
38: 2, 4, 5, 13, 18, 27, 32, 36, 42, 44, 45, 46, 47, 50, 53, 58, 60, 63, 65, 66, 70, 73, 74, 81, 82, 85, 88, 89, 91, 98, 99, 103, 106, 109, 112, 116, 117, 126, 128, 130, 131, 133, 136, 138, 139, 143, 146, 152
39: 0, 1, 2, 3, 4, 5, 6, 7, 9, 10, 11, 12, 13, 14, 16, 17, 18, 19, 20, 21, 22, 24, 26, 27, 28, 30, 32, 33, 36, 37, 40, 41, 42, 43, 44, 45, 46, 47, 48, 49, 50, 51, 52, 53, 54, 55, 56, 57, 58, 59, 60, 61, 62, 63, 64, 67, 68, 70, 71, 72, 73, 76, 77, 78, 79, 81, 82, 83, 84, 85, 86, 87, 90, 91, 92, 93, 94, 95, 96, 98, 99, 100, 101, 102, 103, 104, 105, 106, 108, 109, 110, 111, 112, 114, 115, 116, 117, 118, 119, 120, 122, 123, 124, 125, 126, 127, 128, 129, 130, 131, 132, 133, 134, 136, 137, 138, 139, 140, 142, 143, 144, 145, 146, 147, 148, 149, 151, 153, 154, 155, 156, 157, 159
40: 1, 3, 4, 5, 6, 7, 8, 9, 10, 11, 12, 13, 14, 16, 17, 18, 19, 20, 21, 22, 24, 25, 26, 27, 28, 29, 30, 31, 32, 33, 34, 35, 36, 37, 39, 41, 42, 43, 44, 45, 46, 47, 48, 49, 51, 53, 54, 55, 56, 57, 58, 59, 60, 61, 62, 63, 64, 67, 68, 70, 71, 72, 73, 76, 78, 79, 80, 81, 82, 83, 84, 85, 86, 87, 90, 91, 92, 93, 94, 95, 96, 98, 99, 100, 101, 103, 104, 105, 106, 107, 108, 109, 110, 111, 112, 113, 114, 115, 116, 117, 118, 119, 121, 122, 123, 124, 125, 126, 127, 128, 129, 130, 131, 132, 133, 134, 137, 138, 139, 140, 141, 143, 144, 145, 146, 147, 148, 149, 150, 151, 153, 154, 155, 157, 159
41: 1, 3, 4, 5, 7, 8, 9, 10, 11, 12, 13, 16, 17, 18, 19, 20, 21, 22, 24, 25, 26, 27, 28, 29, 30, 31, 32, 34, 35, 36, 37, 39, 40, 42, 43, 44, 46, 47, 48, 49, 53, 54, 55, 56, 57, 62, 63, 64, 67, 69, 70, 71, 72, 76, 80, 83, 85, 86, 87, 88, 89, 91, 92, 93, 94, 95, 96, 97, 100, 103, 104, 105, 106, 107, 108, 110, 111, 113, 114, 115, 116, 118, 119, 121, 123, 124, 126, 129, 131, 132, 133, 134, 135, 136, 137, 139, 140, 141, 143, 144, 145, 146, 147, 149, 150, 153, 154, 157, 158, 159
42: 1, 2, 3, 4, 5, 7, 9, 10, 12, 13, 15, 17, 18, 19, 20, 21, 22, 23, 24, 25, 26, 27, 30, 31, 32, 34, 36, 37, 38, 39, 40, 41, 43, 44, 45, 46, 47, 48, 49, 50, 52, 53, 54, 55, 56, 57, 58, 60, 61, 62, 63, 64, 67, 68, 70, 71, 72, 73, 76, 78, 80, 81, 82, 83, 84, 85, 86, 87, 88, 89, 91, 92, 93, 94, 95, 96, 97, 98, 100, 103, 104, 105, 106, 108, 109, 110, 111, 112, 114, 115, 116, 117, 118, 120, 122, 123, 124, 126, 128, 129, 130, 131, 132, 133, 134, 136, 137, 138, 139, 140, 143, 144, 145, 146, 148, 149, 150, 152, 153, 154, 159
43: 1, 3, 4, 5, 7, 9, 10, 11, 12, 13, 16, 17, 18, 19, 20, 21, 22, 24, 25, 26, 27, 28, 29, 30, 31, 32, 34, 35, 36, 37, 39, 40, 41, 42, 44, 45, 46, 47, 48, 49, 50, 51, 52, 53, 54, 56, 57, 58, 60, 61, 62, 63, 64, 66, 67, 68, 69, 70, 71, 72, 76, 78, 80, 81, 82, 85, 86, 87, 89, 91, 92, 93, 94, 95, 96, 98, 99, 100, 101, 103, 104, 105, 106, 107, 108, 110, 111, 113, 114, 115, 116, 117, 118, 119, 120, 121, 122, 123, 124, 126, 127, 129, 130, 131, 132, 133, 134, 136, 137, 138, 139, 140, 143, 144, 145, 146, 148, 149, 150, 153, 154, 155, 157, 159
44: 0, 1, 2, 3, 4, 5, 7, 9, 10, 12, 13, 14, 17, 18, 21, 22, 24, 25, 26, 27, 30, 32, 36, 37, 38, 39, 40, 41, 42, 43, 45, 46, 47, 48, 49, 50, 51, 52, 53, 54, 55, 56, 57, 58, 59, 60, 61, 62, 63, 64, 65, 66, 67, 68, 70, 71, 72, 73, 75, 76, 78, 79, 81, 82, 85, 86, 87, 91, 92, 93, 95, 96, 97, 98, 99, 100, 101, 103, 104, 105, 106, 109, 110, 112, 114, 115, 116, 117, 118, 120, 122, 124, 125, 126, 127, 128, 129, 130, 131, 132, 133, 134, 136, 137, 138, 139, 140, 142, 143, 144, 145, 146, 148, 149, 152, 153, 155, 159
45: 0, 1, 2, 3, 4, 5, 7, 12, 13, 14, 17, 18, 20, 21, 24, 26, 27, 30, 32, 36, 37, 38, 39, 40, 42, 43, 44, 46, 47, 48, 49, 50, 51, 52, 53, 54, 56, 57, 58, 60, 61, 62, 63, 64, 65, 66, 68, 70, 71, 72, 73, 75, 78, 81, 82, 85, 86, 87, 89, 91, 92, 93, 95, 96, 98, 99, 100, 101, 103, 104, 106, 110, 112, 114, 115, 116, 117, 118, 120, 122, 124, 125, 126, 128, 129, 130, 131, 133, 134, 136, 137, 138, 139, 143, 144, 145, 146, 148, 149, 152, 153, 154, 155, 159
46: 1, 3, 4, 5, 7, 8, 10, 11, 12, 13, 14, 15, 16, 17, 18, 19, 20, 21, 23, 24, 25, 26, 27, 28, 29, 30, 32, 35, 36, 37, 38, 39, 40, 41, 42, 43, 44, 45, 47, 48, 49, 50, 53, 54, 55, 56, 57, 58, 59, 60, 61, 62, 63, 64, 67, 68, 70, 71, 72, 73, 78, 79, 81, 83, 84, 85, 86, 87, 88, 89, 90, 91, 92, 93, 94, 95, 97, 98, 100, 101, 104, 106, 108, 109, 110, 111, 112, 114, 115, 116, 117, 118, 119, 120, 122, 123, 124, 125, 126, 127, 128, 129, 130, 131, 132, 133, 134, 137, 138, 139, 144, 145, 146, 147, 148, 149, 151, 153, 155, 157, 159
47: 0, 1, 2, 3, 4, 5, 7, 10, 12, 13, 14, 17, 18, 21, 22, 24, 26, 27, 30, 31, 32, 36, 37, 38, 39, 40, 41, 42, 43, 44, 45, 46, 48, 49, 50, 51, 52, 53, 54, 56, 57, 58, 59, 60, 61, 62, 63, 64, 66, 67, 68, 71, 72, 73, 75, 77, 78, 79, 81, 82, 85, 86, 87, 89, 91, 92, 93, 95, 96, 98, 99, 100, 101, 103, 104, 105, 106, 110, 112, 114, 115, 116, 117, 118, 120, 122, 124, 125, 126, 127, 128, 129, 130, 131, 132, 133, 134, 136, 137, 138, 139, 140, 142, 143, 144, 145, 146, 148, 149, 152, 153, 154, 155, 159
48: 1, 2, 3, 4, 5, 6, 7, 8, 9, 10, 11, 12, 13, 14, 16, 17, 18, 19, 20, 21, 22, 24, 25, 26, 27, 28, 29, 30, 31, 32, 33, 34, 35, 36, 37, 39, 40, 41, 42, 43, 44, 45, 46, 47, 49, 50, 51, 52, 53, 54, 55, 56, 57, 58, 59, 60, 61, 62, 63, 64, 67, 68, 69, 70, 71, 72, 73, 76, 78, 79, 80, 81, 83, 84, 85, 86, 87, 89, 90, 91, 92, 93, 94, 95, 96, 97, 98, 99, 100, 101, 102, 103, 104, 105, 106, 107, 108, 109, 110, 111, 112, 113, 114, 115, 116, 117, 118, 119, 120, 121, 122, 123, 124, 125, 126, 127, 128, 129, 130, 131, 132, 133, 134, 136, 137, 138, 139, 140, 141, 142, 143, 144, 145, 146, 147, 148, 149, 150, 151, 153, 154, 155, 156, 157, 159
49: 0, 1, 2, 3, 4, 5, 6, 7, 8, 9, 10, 11, 12, 13, 14, 15, 16, 17, 18, 19, 20, 21, 22, 23, 24, 25, 26, 27, 28, 29, 30, 31, 32, 34, 35, 36, 37, 39, 40, 41, 42, 43, 44, 45, 46, 47, 48, 50, 51, 52, 53, 54, 55, 56, 57, 58, 60, 61, 62, 63, 64, 66, 67, 68, 69, 70, 71, 72, 75, 76, 77, 78, 80, 81, 82, 83, 85, 86, 87, 89, 90, 91, 92, 93, 94, 95, 96, 97, 98, 99, 100, 101, 103, 104, 105, 106, 107, 108, 110, 111, 113, 114, 115, 116, 117, 118, 119, 120, 121, 122, 123, 124, 126, 127, 129, 130, 131, 132, 133, 134, 136, 137, 138, 139, 140, 141, 142, 143, 144, 145, 146, 147, 148, 149, 150, 151, 153, 154, 155, 157, 158, 159
50: 0, 1, 2, 7, 13, 18, 24, 26, 32, 38, 39, 42, 43, 44, 45, 46, 47, 48, 49, 52, 53, 54, 58, 59, 60, 61, 62, 63, 64, 65, 71, 73, 75, 81, 82, 85, 86, 92, 93, 96, 98, 103, 104, 106, 112, 115, 116, 117, 118, 120, 122, 124, 125, 126, 128, 129, 130, 131, 133, 136, 139, 146, 149, 152, 155
51: 0, 1, 2, 4, 5, 6, 7, 9, 12, 13, 14, 16, 17, 21, 22, 24, 25, 27, 30, 31, 32, 33, 34, 36, 39, 40, 43, 44, 45, 47, 48, 49, 52, 53, 54, 58, 59, 60, 61, 62, 63, 64, 66, 67, 68, 69, 73, 75, 76, 77, 78, 79, 84, 85, 86, 87, 89, 90, 92, 93, 94, 95, 96, 97, 98, 99, 100, 101, 102, 103, 104, 105, 106, 107, 109, 110, 113, 114, 115, 116, 117, 118, 119, 120, 121, 124, 126, 127, 131, 132, 133, 134, 136, 137, 138, 139, 140, 142, 143, 144, 145, 146, 148, 149, 150, 152, 154, 155, 157, 158, 159
52: 0, 1, 2, 7, 9, 13, 18, 19, 20, 21, 24, 26, 32, 36, 39, 42, 43, 44, 45, 47, 48, 49, 50, 51, 53, 54, 58, 60, 61, 62, 63, 64, 65, 66, 72, 73, 75, 78, 81, 82, 83, 84, 85, 86, 89, 92, 93, 96, 98, 99, 100, 104, 106, 108, 110, 111, 112, 114, 115, 116, 117, 118, 120, 122, 124, 125, 126, 128, 129, 130, 131, 136, 139, 149, 155, 159
53: 0, 1, 2, 3, 4, 5, 7, 9, 10, 12, 13, 14, 16, 17, 18, 20, 21, 22, 24, 25, 26, 27, 30, 31, 32, 34, 36, 37, 38, 39, 40, 41, 42, 43, 44, 45, 46, 47, 48, 49, 50, 51, 52, 54, 56, 57, 58, 60, 61, 62, 63, 64, 65, 66, 67, 68, 69, 70, 71, 72, 73, 75, 76, 77, 78, 79, 81, 82, 85, 86, 87, 89, 91, 92, 93, 94, 95, 96, 98, 99, 100, 101, 103, 104, 105, 106, 110, 112, 114, 115, 116, 117, 118, 119, 120, 122, 124, 125, 126, 127, 128, 129, 130, 131, 132, 133, 134, 136, 137, 138, 139, 140, 142, 143, 144, 145, 146, 148, 149, 150, 151, 152, 153, 154, 155, 157, 159
54: 0, 1, 2, 3, 4, 5, 6, 7, 8, 10, 11, 12, 13, 14, 16, 17, 18, 19, 20, 21, 22, 24, 26, 27, 28, 30, 32, 33, 35, 37, 39, 40, 41, 42, 43, 44, 45, 46, 47, 48, 49, 50, 51, 52, 53, 55, 56, 57, 58, 59, 60, 61, 62, 63, 64, 66, 67, 68, 70, 71, 72, 73, 77, 78, 79, 81, 83, 84, 85, 86, 87, 90, 91, 92, 93, 94, 95, 96, 98, 100, 101, 102, 104, 105, 106, 108, 109, 110, 111, 112, 114, 115, 116, 117, 118, 119, 120, 122, 123, 124, 125, 126, 127, 128, 129, 130, 131, 132, 133, 134, 136, 137, 138, 139, 140, 142, 143, 144, 145, 147, 148, 149, 151, 153, 155, 156, 157, 159
55: 1, 2, 3, 5, 6, 7, 8, 10, 11, 12, 14, 15, 16, 17, 18, 19, 20, 21, 22, 23, 24, 25, 26, 27, 28, 29, 30, 33, 34, 35, 37, 39, 40, 41, 42, 44, 46, 48, 49, 54, 56, 57, 58, 59, 60, 61, 62, 63, 64, 67, 68, 70, 71, 72, 73, 76, 78, 79, 81, 83, 84, 85, 86, 87, 88, 89, 90, 91, 92, 93, 94, 95, 96, 97, 100, 101, 102, 104, 105, 106, 108, 109, 110, 111, 112, 114, 115, 116, 118, 119, 122, 123, 124, 125, 126, 127, 128, 129, 131, 132, 133, 134, 137, 138, 140, 141, 144, 145, 146, 147, 148, 149, 150, 151, 152, 153, 155, 156, 157, 159
56: 1, 3, 4, 5, 6, 7, 8, 9, 10, 11, 12, 13, 14, 16, 17, 18, 19, 20, 21, 22, 24, 26, 27, 28, 29, 30, 31, 32, 33, 34, 35, 36, 37, 39, 40, 41, 42, 43, 44, 45, 46, 47, 48, 49, 53, 54, 55, 57, 58, 60, 61, 62, 63, 64, 67, 68, 69, 70, 71, 72, 73, 76, 78, 79, 80, 81, 83, 84, 85, 86, 87, 89, 90, 91, 92, 93, 94, 95, 96, 100, 101, 103, 104, 105, 106, 108, 109, 110, 111, 112, 114, 115, 116, 118, 119, 122, 123, 124, 126, 127, 128, 129, 132, 133, 134, 136, 137, 138, 139, 140, 141, 143, 144, 145, 146, 147, 148, 149, 150, 151, 153, 154, 155, 156, 157, 158, 159
57: 1, 3, 4, 5, 6, 7, 8, 9, 10, 11, 12, 13, 14, 16, 17, 18, 19, 20, 21, 22, 24, 26, 27, 28, 29, 30, 31, 32, 33, 34, 35, 36, 37, 39, 40, 41, 42, 43, 44, 45, 46, 47, 48, 49, 53, 54, 55, 56, 58, 60, 61, 62, 63, 64, 67, 68, 69, 70, 71, 72, 73, 76, 78, 79, 80, 81, 83, 85, 86, 87, 89, 90, 91, 92, 93, 94, 95, 96, 98, 99, 100, 101, 103, 104, 105, 106, 108, 109, 110, 111, 112, 114, 115, 116, 117, 118, 119, 122, 123, 124, 125, 126, 127, 128, 129, 130, 131, 132, 133, 134, 136, 137, 138, 139, 140, 141, 143, 144, 145, 146, 147, 148, 149, 150, 151, 153, 154, 155, 156, 157, 159
58: 0, 1, 2, 3, 5, 6, 7, 10, 11, 12, 13, 14, 16, 17, 18, 19, 20, 21, 22, 24, 25, 26, 27, 28, 29, 32, 33, 35, 36, 37, 38, 39, 40, 42, 43, 44, 45, 46, 47, 48, 49, 50, 51, 52, 53, 54, 55, 56, 57, 59, 60, 61, 62, 63, 64, 66, 67, 68, 70, 71, 72, 73, 75, 76, 78, 79, 81, 82, 83, 84, 85, 86, 87, 90, 91, 92, 93, 94, 95, 96, 98, 99, 100, 101, 102, 104, 105, 106, 108, 109, 110, 111, 112, 113, 114, 115, 116, 117, 118, 119, 120, 121, 122, 123, 124, 125, 126, 127, 128, 129, 130, 131, 132, 133, 134, 136, 137, 138, 139, 140, 142, 143, 144, 145, 147, 148, 149, 151, 152, 153, 155, 156, 157, 159
59: 0, 1, 2, 7, 12, 14, 17, 18, 24, 33, 39, 40, 44, 46, 47, 48, 50, 51, 54, 55, 58, 60, 61, 62, 64, 67, 68, 70, 71, 73, 78, 81, 84, 85, 86, 87, 93, 94, 95, 96, 98, 102, 109, 112, 116, 118, 120, 122, 125, 126, 127, 128, 130, 131, 132, 133, 134, 137, 138, 142, 143, 144, 145, 148, 149, 152, 155, 156, 159
60: 1, 2, 3, 4, 5, 7, 10, 11, 12, 13, 14, 16, 17, 18, 19, 20, 21, 24, 26, 27, 28, 30, 31, 32, 36, 37, 38, 39, 40, 42, 43, 44, 45, 46, 47, 48, 49, 50, 51, 52, 53, 54, 55, 56, 57, 58, 59, 61, 62, 63, 64, 65, 66, 67, 68, 70, 71, 72, 73, 76, 77, 78, 79, 81, 83, 84, 85, 86, 87, 88, 89, 90, 91, 92, 93, 94, 95, 96, 98, 99, 101, 102, 103, 104, 106, 108, 109, 110, 112, 114, 115, 116, 117, 118, 119, 120, 122, 123, 124, 125, 126, 127, 128, 129, 130, 131, 132, 133, 134, 136, 137, 138, 139, 142, 143, 144, 145, 146, 147, 148, 149, 152, 153, 154, 155, 156, 157, 159
61: 0, 1, 2, 3, 5, 6, 7, 9, 10, 12, 13, 14, 16, 17, 18, 19, 20, 21, 22, 24, 25, 26, 27, 28, 30, 32, 33, 35, 36, 37, 39, 40, 42, 43, 44, 45, 46, 47, 48, 49, 50, 51, 52, 53, 54, 55, 56, 57, 58, 59, 60, 62, 63, 64, 66, 67, 68, 70, 71, 72, 73, 77, 78, 79, 81, 82, 83, 84, 85, 86, 87, 90, 91, 92, 93, 94, 95, 96, 98, 99, 100, 101, 102, 104, 105, 106, 108, 109, 110, 111, 112, 114, 115, 116, 117, 118, 119, 120, 122, 123, 124, 125, 126, 127, 128, 129, 130, 131, 132, 134, 136, 137, 138, 139, 140, 142, 143, 144, 145, 147, 148, 149, 151, 153, 155, 156, 157, 159
62: 1, 2, 3, 4, 5, 6, 7, 9, 10, 11, 12, 13, 14, 16, 17, 18, 19, 20, 21, 22, 24, 26, 27, 28, 30, 32, 33, 36, 37, 39, 40, 41, 42, 43, 44, 45, 46, 47, 48, 49, 50, 51, 52, 53, 54, 55, 56, 57, 58, 59, 60, 61, 63, 64, 67, 68, 70, 71, 72, 73, 76, 78, 79, 81, 82, 83, 84, 85, 86, 87, 90, 91, 92, 93, 94, 95, 96, 98, 100, 101, 102, 103, 104, 105, 106, 108, 109, 110, 111, 112, 114, 115, 116, 117, 118, 119, 120, 122, 123, 124, 125, 126, 127, 128, 129, 130, 131, 132, 133, 134, 136, 137, 138, 139, 140, 142, 143, 144, 145, 146, 147, 148, 149, 151, 152, 153, 155, 156, 157, 159
63: 1, 2, 3, 4, 5, 7, 9, 10, 12, 13, 15, 17, 18, 19, 20, 21, 22, 23, 24, 25, 26, 27, 30, 31, 32, 34, 36, 37, 38, 39, 40, 41, 42, 43, 44, 45, 46, 47, 48, 49, 50, 51, 52, 53, 54, 55, 56, 57, 58, 60, 61, 62, 64, 67, 68, 70, 71, 72, 73, 76, 78, 80, 81, 82, 83, 84, 85, 86, 87, 88, 89, 91, 92, 93, 94, 95, 96, 97, 98, 99, 100, 103, 104, 105, 106, 108, 109, 110, 111, 112, 114, 115, 116, 117, 118, 120, 122, 123, 124, 126, 128, 129, 130, 131, 132, 133, 134, 136, 137, 138, 139, 140, 143, 144, 145, 146, 148, 149, 150, 151, 152, 153, 154, 159
64: 1, 3, 4, 5, 6, 7, 10, 11, 12, 13, 14, 16, 17, 18, 19, 20, 21, 24, 26, 27, 28, 30, 32, 35, 36, 37, 39, 40, 41, 42, 43, 44, 45, 46, 47, 48, 49, 50, 51, 52, 53, 54, 55, 56, 57, 58, 59, 60, 61, 62, 63, 67, 68, 70, 71, 72, 73, 78, 79, 81, 82, 83, 85, 86, 87, 90, 91, 92, 93, 94, 95, 96, 98, 99, 100, 101, 102, 103, 104, 105, 106, 108, 110, 111, 112, 114, 115, 116, 117, 118, 119, 120, 122, 123, 124, 125, 126, 127, 128, 129, 130, 131, 132, 134, 136, 137, 138, 139, 140, 143, 144, 145, 147, 148, 149, 153, 155, 156, 157, 159
65: 2, 9, 38, 44, 45, 50, 52, 53, 60, 66, 75, 77, 78, 82, 83, 84, 88, 89, 98, 100, 103, 117, 120, 125, 130, 131, 136, 152, 155
66: 0, 2, 4, 5, 13, 15, 16, 21, 22, 23, 25, 26, 28, 29, 31, 32, 36, 38, 43, 44, 45, 47, 49, 51, 52, 53, 54, 58, 60, 61, 65, 68, 69, 74, 75, 77, 78, 79, 82, 85, 86, 88, 89, 90, 91, 92, 93, 96, 98, 99, 100, 101, 102, 103, 105, 106, 113, 115, 116, 117, 118, 120, 121, 124, 131, 134, 136, 138, 139, 140, 142, 143, 144, 147, 148, 149, 151, 154, 155, 157, 158
67: 1, 2, 3, 4, 5, 6, 7, 8, 9, 10, 11, 12, 13, 14, 16, 17, 18, 19, 20, 21, 22, 24, 25, 26, 27, 28, 29, 30, 31, 32, 33, 34, 35, 36, 37, 39, 40, 41, 42, 43, 44, 46, 47, 48, 49, 51, 53, 54, 55, 56, 57, 58, 59, 60, 61, 62, 63, 64, 68, 69, 70, 71, 72, 73, 76, 78, 79, 80, 81, 83, 84, 85, 86, 87, 89, 90, 91, 92, 93, 94, 95, 96, 97, 100, 101, 102, 104, 105, 106, 107, 108, 109, 110, 111, 112, 113, 114, 115, 116, 118, 119, 121, 122, 123, 124, 126, 127, 128, 129, 131, 132, 133, 134, 136, 137, 138, 139, 140, 141, 142, 143, 144, 145, 146, 147, 148, 149, 150, 151, 153, 154, 155, 156, 157, 158, 159
68: 0, 1, 2, 3, 4, 5, 6, 7, 9, 10, 11, 12, 13, 14, 16, 17, 18, 19, 20, 21, 22, 24, 25, 26, 27, 28, 30, 31, 32, 33, 36, 37, 39, 40, 42, 43, 44, 45, 46, 47, 48, 49, 51, 53, 54, 55, 56, 57, 58, 59, 60, 61, 62, 63, 64, 66, 67, 70, 71, 72, 73, 76, 78, 79, 81, 83, 84, 85, 86, 87, 90, 91, 92, 93, 94, 95, 96, 97, 98, 99, 100, 101, 102, 103, 104, 105, 106, 107, 108, 109, 110, 111, 112, 113, 114, 115, 116, 117, 118, 119, 120, 121, 122, 123, 124, 125, 126, 127, 128, 129, 130, 131, 132, 133, 134, 136, 137, 138, 139, 140, 142, 143, 144, 145, 146, 147, 148, 149, 151, 152, 153, 154, 155, 156, 157, 159
69: 1, 4, 5, 6, 7, 8, 9, 10, 11, 12, 13, 15, 16, 17, 21, 22, 23, 25, 26, 27, 28, 29, 30, 31, 33, 34, 35, 36, 37, 41, 43, 48, 49, 51, 53, 56, 57, 66, 67, 74, 75, 76, 77, 80, 87, 88, 89, 90, 91, 92, 93, 94, 95, 96, 97, 99, 100, 102, 103, 104, 105, 107, 108, 110, 111, 113, 115, 118, 119, 121, 123, 124, 131, 132, 133, 134, 135, 136, 137, 140, 141, 142, 144, 145, 147, 149, 150, 151, 153, 154, 157, 158, 159
70: 1, 3, 4, 5, 7, 8, 10, 11, 12, 13, 14, 15, 16, 17, 18, 19, 20, 21, 23, 24, 25, 26, 27, 28, 29, 30, 31, 32, 33, 35, 36, 37, 38, 39, 40, 41, 42, 43, 44, 45, 46, 48, 49, 53, 54, 55, 56, 57, 58, 59, 60, 61, 62, 63, 64, 67, 68, 71, 72, 73, 74, 76, 78, 79, 80, 81, 83, 84, 85, 86, 87, 88, 89, 90, 91, 92, 93, 94, 95, 97, 98, 100, 101, 103, 104, 106, 108, 109, 110, 111, 112, 114, 115, 116, 117, 118, 119, 122, 123, 124, 125, 126, 127, 128, 129, 131, 132, 133, 134, 136, 137, 138, 139, 140, 141, 144, 145, 146, 147, 148, 149, 151, 153, 154, 155, 157, 159
71: 1, 2, 3, 4, 5, 7, 8, 9, 10, 11, 12, 13, 14, 15, 16, 17, 18, 19, 20, 21, 22, 23, 24, 25, 26, 27, 28, 29, 30, 31, 32, 34, 35, 36, 37, 39, 40, 41, 42, 43, 44, 45, 46, 47, 48, 49, 50, 53, 54, 55, 56, 57, 58, 59, 60, 61, 62, 63, 64, 67, 68, 70, 72, 73, 76, 78, 79, 80, 81, 83, 84, 85, 86, 87, 88, 89, 90, 91, 92, 93, 94, 95, 96, 97, 98, 100, 101, 103, 104, 105, 106, 108, 109, 110, 111, 112, 114, 115, 116, 117, 118, 119, 120, 122, 123, 124, 125, 126, 127, 128, 129, 130, 131, 132, 133, 134, 136, 137, 138, 139, 140, 141, 143, 144, 145, 146, 147, 148, 149, 150, 151, 153, 154, 155, 156, 157, 159
72: 1, 3, 4, 5, 6, 7, 8, 9, 10, 11, 12, 13, 14, 16, 17, 18, 19, 20, 21, 22, 24, 26, 27, 28, 29, 30, 31, 32, 34, 35, 36, 37, 39, 40, 41, 42, 43, 44, 45, 46, 47, 48, 49, 52, 53, 54, 55, 56, 57, 58, 60, 61, 62, 63, 64, 67, 68, 70, 71, 73, 78, 79, 80, 81, 82, 83, 84, 85, 86, 87, 89, 90, 91, 92, 93, 94, 95, 96, 98, 100, 101, 103, 104, 105, 106, 108, 109, 110, 111, 112, 114, 115, 116, 118, 119, 122, 123, 124, 125, 126, 127, 128, 129, 132, 134, 137, 138, 139, 140, 141, 144, 145, 147, 148, 149, 153, 154, 155, 157, 159
73: 1, 2, 3, 4, 5, 6, 7, 10, 11, 12, 13, 14, 16, 17, 18, 19, 20, 21, 24, 26, 27, 28, 30, 32, 36, 37, 38, 39, 40, 42, 44, 45, 46, 47, 48, 50, 51, 52, 53, 54, 55, 56, 57, 58, 59, 60, 61, 62, 63, 64, 67, 68, 70, 71, 72, 78, 79, 81, 83, 84, 85, 86, 87, 91, 92, 93, 94, 95, 96, 98, 101, 102, 103, 104, 105, 106, 108, 109, 110, 111, 112, 114, 116, 117, 118, 119, 120, 122, 123, 124, 125, 126, 127, 128, 129, 130, 131, 132, 133, 134, 136, 137, 138, 139, 143, 144, 145, 146, 147, 148, 149, 152, 153, 155, 156, 157, 159
74: 5, 8, 11, 15, 23, 25, 28, 29, 31, 35, 36, 38, 66, 69, 70, 88, 89, 90, 91, 97, 99, 109, 113, 121, 135, 141, 154, 158
75: 0, 2, 14, 15, 22, 25, 44, 45, 47, 49, 50, 51, 52, 53, 58, 65, 66, 69, 77, 84, 96, 99, 117, 120, 124, 131, 133, 136, 142, 151, 152, 154, 155
76: 1, 2, 3, 4, 5, 6, 7, 8, 9, 10, 11, 12, 13, 14, 16, 17, 18, 21, 22, 23, 24, 25, 27, 30, 31, 32, 33, 34, 36, 37, 39, 40, 41, 42, 43, 44, 48, 49, 51, 53, 55, 56, 57, 58, 60, 62, 63, 67, 68, 69, 70, 71, 77, 80, 84, 85, 87, 88, 89, 91, 92, 93, 94, 95, 96, 97, 99, 100, 102, 103, 104, 105, 106, 107, 108, 109, 110, 111, 113, 114, 115, 116, 118, 121, 123, 124, 131, 132, 133, 134, 136, 137, 138, 139, 140, 142, 143, 144, 145, 146, 148, 149, 150, 152, 153, 154, 157, 158, 159
77: 0, 2, 4, 5, 14, 16, 22, 23, 25, 28, 30, 31, 32, 33, 36, 39, 47, 49, 51, 53, 54, 60, 61, 65, 66, 69, 75, 76, 79, 85, 88, 89, 90, 94, 96, 99, 102, 103, 105, 106, 107, 110, 115, 116, 117, 119, 120, 124, 131, 134, 136, 139, 140, 142, 143, 147, 148, 154, 155, 157, 158
78: 1, 2, 3, 5, 6, 7, 9, 10, 12, 13, 14, 16, 17, 18, 19, 20, 21, 24, 25, 26, 27, 28, 30, 32, 35, 36, 37, 39, 40, 42, 43, 44, 45, 46, 47, 48, 49, 51, 52, 53, 54, 55, 56, 57, 58, 59, 60, 61, 62, 63, 64, 65, 66, 67, 68, 70, 71, 72, 73, 79, 81, 82, 83, 84, 85, 86, 87, 89, 91, 92, 93, 94, 95, 96, 98, 99, 100, 101, 102, 104, 105, 106, 108, 109, 110, 111, 112, 114, 115, 116, 117, 118, 119, 120, 122, 123, 124, 125, 126, 127, 128, 129, 131, 132, 134, 136, 137, 138, 139, 140, 141, 142, 143, 144, 145, 147, 148, 149, 151, 153, 155, 156, 157, 159
79: 1, 3, 4, 5, 6, 7, 8, 10, 11, 12, 14, 16, 17, 18, 19, 20, 21, 24, 26, 27, 28, 29, 30, 31, 32, 33, 35, 37, 39, 40, 44, 46, 47, 48, 51, 53, 54, 55, 56, 57, 58, 60, 61, 62, 64, 66, 67, 68, 70, 71, 72, 73, 77, 78, 81, 85, 86, 87, 90, 91, 93, 94, 95, 96, 101, 102, 104, 105, 106, 108, 109, 110, 111, 112, 114, 115, 116, 117, 118, 119, 122, 123, 124, 125, 126, 127, 128, 129, 131, 132, 134, 136, 137, 138, 139, 142, 143, 144, 145, 147, 148, 149, 151, 153, 155, 156, 157, 159
80: 1, 3, 4, 5, 7, 8, 9, 10, 11, 12, 13, 16, 17, 19, 20, 21, 22, 26, 27, 28, 29, 30, 31, 33, 34, 35, 36, 37, 40, 41, 42, 43, 48, 49, 56, 57, 63, 67, 69, 70, 71, 72, 76, 87, 88, 89, 90, 91, 92, 93, 94, 95, 97, 100, 103, 104, 105, 107, 108, 110, 111, 113, 114, 115, 118, 121, 123, 124, 132, 133, 134, 135, 136, 137, 140, 141, 143, 144, 145, 146, 147, 149, 150, 153, 154, 157, 158, 159
81: 0, 1, 2, 3, 5, 7, 10, 12, 13, 14, 16, 17, 18, 19, 20, 21, 24, 26, 27, 30, 32, 36, 37, 38, 39, 40, 42, 43, 44, 45, 46, 47, 48, 49, 50, 52, 53, 54, 55, 56, 57, 58, 59, 60, 61, 62, 63, 64, 67, 68, 70, 71, 72, 73, 78, 79, 82, 83, 85, 86, 87, 91, 92, 93, 94, 95, 96, 98, 101, 103, 104, 106, 108, 109, 110, 112, 114, 115, 116, 117, 118, 119, 120, 122, 123, 124, 125, 126, 127, 128, 129, 130, 131, 132, 133, 134, 137, 138, 139, 143, 144, 145, 146, 148, 149, 152, 153, 155, 156, 157, 159
82: 1, 5, 7, 9, 13, 19, 20, 26, 27, 32, 36, 38, 39, 40, 42, 43, 44, 45, 47, 49, 50, 52, 53, 58, 61, 62, 63, 64, 65, 66, 72, 78, 81, 83, 84, 85, 86, 89, 92, 93, 96, 98, 99, 100, 101, 104, 106, 108, 111, 112, 114, 115, 116, 117, 118, 120, 124, 125, 126, 129, 130, 131, 136, 138, 139, 141, 144, 149, 155
83: 1, 3, 5, 6, 7, 8, 9, 10, 11, 12, 13, 14, 15, 16, 17, 18, 19, 20, 21, 24, 26, 28, 29, 35, 37, 39, 40, 41, 42, 46, 48, 49, 52, 54, 55, 56, 57, 58, 60, 61, 62, 63, 64, 65, 67, 68, 70, 71, 72, 73, 78, 81, 82, 84, 85, 86, 87, 89, 90, 91, 92, 93, 94, 95, 97, 100, 101, 104, 108, 109, 110, 111, 112, 114, 115, 116, 118, 119, 122, 123, 124, 125, 126, 127, 128, 129, 132, 133, 134, 137, 138, 141, 144, 145, 146, 147, 148, 149, 151, 153, 155, 157, 159
84: 1, 2, 5, 6, 7, 9, 10, 11, 12, 14, 15, 16, 17, 18, 19, 20, 21, 22, 23, 24, 25, 26, 27, 28, 33, 37, 39, 40, 42, 46, 48, 51, 52, 54, 55, 56, 58, 59, 60, 61, 62, 63, 65, 67, 68, 70, 71, 72, 73, 75, 76, 78, 82, 83, 85, 87, 88, 89, 90, 93, 94, 95, 97, 100, 102, 105, 108, 109, 110, 111, 114, 116, 118, 119, 123, 124, 125, 126, 127, 131, 132, 133, 134, 137, 138, 140, 141, 142, 144, 145, 146, 148, 149, 150, 151, 152, 155, 157, 159
85: 0, 1, 2, 3, 4, 5, 6, 7, 9, 10, 11, 12, 13, 14, 16, 17, 18, 19, 20, 21, 22, 24, 25, 26, 27, 28, 30, 31, 32, 33, 36, 37, 38, 39, 40, 41, 42, 43, 44, 45, 46, 47, 48, 49, 50, 51, 52, 53, 54, 55, 56, 57, 58, 59, 60, 61, 62, 63, 64, 66, 67, 68, 70, 71, 72, 73, 76, 77, 78, 79, 81, 82, 83, 84, 86, 87, 89, 90, 91, 92, 93, 94, 95, 96, 97, 98, 99, 100, 101, 102, 103, 104, 105, 106, 108, 109, 110, 111, 112, 113, 114, 115, 116, 117, 118, 119, 120, 121, 122, 123, 124, 125, 126, 127, 128, 129, 130, 131, 132, 133, 134, 136, 137, 138, 139, 140, 142, 143, 144, 145, 146, 147, 148, 149, 151, 152, 153, 154, 155, 156, 157, 159
86: 1, 2, 3, 4, 5, 7, 10, 11, 12, 13, 14, 16, 17, 18, 19, 20, 21, 24, 26, 27, 28, 30, 32, 36, 37, 39, 40, 41, 42, 43, 44, 45, 46, 47, 48, 49, 50, 51, 52, 53, 54, 55, 56, 57, 58, 59, 60, 61, 62, 63, 64, 66, 67, 68, 70, 71, 72, 73, 78, 79, 81, 82, 83, 85, 87, 90, 91, 92, 93, 94, 95, 96, 98, 99, 100, 101, 102, 103, 104, 105, 106, 108, 109, 110, 111, 112, 114, 115, 116, 117, 118, 119, 120, 122, 123, 124, 125, 126, 127, 128, 129, 130, 131, 132, 134, 136, 137, 138, 139, 140, 143, 144, 145, 146, 147, 148, 149, 151, 153, 154, 155, 156, 157, 159
87: 1, 2, 3, 4, 5, 6, 7, 8, 9, 10, 11, 12, 13, 14, 16, 17, 18, 19, 20, 21, 22, 24, 25, 26, 27, 28, 29, 30, 31, 32, 33, 34, 35, 36, 37, 39, 40, 41, 42, 43, 44, 45, 46, 47, 48, 49, 51, 53, 54, 55, 56, 57, 58, 59, 60, 61, 62, 63, 64, 67, 68, 69, 70, 71, 72, 73, 76, 78, 79, 80, 81, 83, 84, 85, 86, 89, 90, 91, 92, 93, 94, 95, 96, 98, 99, 100, 101, 102, 103, 104, 105, 106, 107, 108, 109, 110, 111, 112, 113, 114, 115, 116, 117, 118, 119, 122, 123, 124, 125, 126, 127, 128, 129, 130, 131, 132, 133, 134, 136, 137, 138, 139, 140, 141, 143, 144, 145, 146, 147, 148, 149, 150, 151, 153, 154, 155, 156, 157, 159
88: 2, 4, 5, 8, 11, 15, 16, 18, 22, 23, 24, 25, 27, 29, 30, 31, 34, 36, 38, 41, 42, 46, 55, 60, 63, 65, 66, 69, 70, 71, 74, 76, 77, 80, 84, 89, 91, 94, 97, 99, 100, 103, 104, 105, 109, 110, 115, 124, 131, 133, 134, 135, 136, 140, 142, 143, 146, 150, 154, 157, 158
89: 1, 2, 4, 5, 7, 9, 11, 12, 13, 15, 16, 17, 18, 19, 20, 21, 22, 23, 24, 25, 26, 27, 30, 31, 32, 34, 36, 37, 38, 41, 42, 43, 45, 46, 47, 48, 49, 51, 52, 53, 55, 56, 57, 60, 63, 65, 66, 67, 69, 70, 71, 72, 74, 76, 77, 78, 80, 82, 83, 84, 85, 87, 88, 91, 92, 93, 94, 95, 96, 97, 99, 100, 103, 104, 105, 106, 108, 109, 110, 111, 113, 114, 115, 116, 117, 118, 124, 131, 132, 133, 134, 136, 137, 139, 140, 141, 142, 143, 144, 146, 148, 149, 150, 154, 155, 157, 158
90: 1, 3, 4, 5, 6, 7, 8, 10, 11, 12, 14, 16, 17, 19, 20, 21, 22, 23, 24, 25, 26, 27, 28, 29, 31, 33, 35, 36, 37, 39, 40, 46, 48, 49, 51, 54, 55, 56, 57, 58, 60, 61, 62, 64, 66, 67, 68, 69, 70, 71, 72, 74, 77, 79, 80, 83, 84, 85, 86, 87, 91, 93, 94, 95, 99, 101, 102, 105, 107, 108, 109, 111, 114, 116, 118, 119, 123, 124, 127, 132, 134, 136, 137, 138, 140, 141, 144, 145, 147, 148, 149, 151, 153, 154, 155, 156, 157, 158, 159
91: 1, 3, 4, 5, 6, 7, 8, 10, 11, 12, 13, 14, 16, 17, 18, 19, 20, 21, 22, 24, 25, 26, 27, 28, 29, 30, 31, 32, 33, 34, 35, 36, 37, 38, 39, 40, 41, 42, 43, 44, 45, 46, 47, 48, 49, 53, 54, 55, 56, 57, 58, 60, 61, 62, 63, 64, 66, 67, 68, 69, 70, 71, 72, 73, 74, 76, 78, 79, 80, 81, 83, 85, 86, 87, 88, 89, 90, 92, 93, 94, 95, 99, 100, 101, 102, 103, 104, 105, 106, 108, 109, 110, 111, 112, 113, 114, 115, 116, 117, 118, 119, 121, 122, 123, 124, 126, 127, 128, 129, 131, 132, 133, 134, 136, 137, 138, 139, 140, 141, 142, 143, 144, 145, 146, 147, 148, 149, 151, 153, 154, 155, 157, 158, 159
92: 1, 2, 3, 4, 5, 6, 7, 9, 10, 11, 12, 13, 14, 16, 17, 18, 19, 20, 21, 22, 24, 25, 26, 27, 29, 30, 31, 32, 34, 35, 36, 37, 39, 40, 41, 42, 43, 44, 45, 46, 47, 48, 49, 50, 51, 52, 53, 54, 55, 56, 57, 58, 60, 61, 62, 63, 64, 66, 67, 68, 69, 70, 71, 72, 73, 76, 78, 80, 81, 82, 83, 85, 86, 87, 89, 91, 93, 94, 95, 96, 97, 98, 99, 100, 101, 103, 104, 105, 106, 107, 108, 109, 110, 111, 112, 113, 114, 115, 116, 117, 118, 119, 120, 121, 122, 123, 124, 126, 127, 128, 129, 130, 131, 132, 133, 134, 136, 137, 138, 139, 140, 142, 143, 144, 145, 146, 148, 149, 150, 153, 154, 155, 157, 158, 159
93: 1, 2, 3, 4, 5, 6, 7, 8, 9, 10, 11, 12, 13, 14, 16, 17, 18, 19, 20, 21, 22, 24, 25, 26, 27, 28, 29, 30, 31, 32, 33, 34, 35, 36, 37, 39, 40, 41, 42, 43, 44, 45, 46, 47, 48, 49, 50, 51, 52, 53, 54, 55, 56, 57, 58, 59, 60, 61, 62, 63, 64, 66, 67, 68, 69, 70, 71, 72, 73, 76, 78, 79, 80, 81, 82, 83, 84, 85, 86, 87, 89, 90, 91, 92, 94, 95, 96, 98, 99, 100, 101, 102, 103, 104, 105, 106, 108, 109, 110, 111, 112, 113, 114, 115, 116, 117, 118, 119, 120, 121, 122, 123, 124, 125, 126, 127, 128, 129, 130, 131, 132, 133, 134, 136, 137, 138, 139, 140, 141, 143, 144, 145, 146, 147, 148, 149, 150, 151, 153, 154, 155, 156, 157, 159
94: 1, 2, 3, 4, 5, 6, 7, 8, 9, 10, 11, 12, 13, 14, 16, 17, 18, 19, 20, 21, 22, 24, 25, 26, 27, 28, 29, 30, 31, 32, 33, 34, 35, 36, 37, 39, 40, 41, 42, 43, 46, 48, 49, 51, 53, 54, 55, 56, 57, 58, 59, 60, 61, 62, 63, 64, 67, 68, 69, 70, 71, 72, 73, 76, 77, 78, 79, 80, 81, 83, 84, 85, 86, 87, 88, 89, 90, 91, 92, 93, 95, 96, 97, 99, 100, 101, 102, 103, 104, 105, 106, 107, 108, 109, 110, 111, 112, 113, 114, 115, 116, 118, 119, 121, 122, 123, 124, 126, 127, 129, 131, 132, 133, 134, 136, 137, 138, 139, 140, 141, 142, 143, 144, 145, 146, 147, 148, 149, 150, 151, 153, 154, 155, 156, 157, 158, 159
95: 1, 2, 3, 4, 5, 6, 7, 8, 9, 10, 11, 12, 13, 14, 16, 17, 18, 19, 20, 21, 22, 24, 25, 26, 27, 28, 29, 30, 31, 32, 33, 34, 35, 36, 37, 39, 40, 41, 42, 43, 44, 45, 46, 47, 48, 49, 51, 53, 54, 55, 56, 57, 58, 59, 60, 61, 62, 63, 64, 67, 68, 69, 70, 71, 72, 73, 76, 78, 79, 80, 81, 83, 84, 85, 86, 87, 89, 90, 91, 92, 93, 94, 96, 97, 98, 99, 100, 101, 102, 103, 104, 105, 106, 107, 108, 109, 110, 111, 112, 113, 114, 115, 116, 117, 118, 119, 120, 121, 122, 123, 124, 125, 126, 127, 128, 129, 130, 131, 132, 133, 134, 136, 137, 138, 139, 140, 141, 142, 143, 144, 145, 146, 147, 148, 149, 150, 151, 153, 154, 155, 156, 157, 159
96: 0, 1, 2, 3, 4, 5, 7, 9, 10, 12, 13, 14, 17, 18, 21, 22, 24, 25, 26, 27, 30, 31, 32, 34, 36, 37, 39, 40, 41, 42, 43, 44, 45, 47, 48, 49, 50, 51, 52, 53, 54, 55, 56, 57, 58, 59, 60, 61, 62, 63, 64, 66, 67, 68, 69, 71, 72, 73, 75, 76, 77, 78, 79, 81, 82, 85, 86, 87, 89, 92, 93, 94, 95, 97, 98, 99, 100, 101, 102, 103, 104, 105, 106, 107, 110, 111, 112, 113, 114, 115, 116, 117, 118, 119, 120, 121, 122, 123, 124, 125, 126, 127, 128, 129, 130, 131, 132, 133, 134, 136, 137, 138, 139, 140, 142, 143, 144, 145, 146, 148, 149, 150, 152, 153, 154, 155, 156, 159
97: 1, 2, 4, 5, 9, 14, 15, 18, 22, 23, 24, 25, 27, 30, 31, 33, 34, 36, 41, 42, 44, 46, 48, 49, 51, 55, 63, 67, 68, 69, 70, 71, 74, 76, 80, 83, 84, 85, 88, 89, 92, 94, 95, 96, 100, 102, 104, 105, 106, 107, 109, 110, 111, 113, 115, 121, 123, 124, 131, 132, 133, 134, 137, 140, 142, 143, 144, 146, 148, 150, 151, 152, 154, 158
98: 1, 2, 3, 5, 7, 12, 13, 17, 18, 24, 26, 27, 30, 32, 36, 38, 39, 40, 42, 43, 44, 45, 46, 47, 48, 49, 50, 51, 52, 53, 54, 57, 58, 59, 60, 61, 62, 63, 64, 65, 66, 68, 70, 71, 72, 73, 78, 81, 82, 85, 86, 87, 92, 93, 95, 96, 100, 101, 103, 104, 106, 110, 112, 115, 116, 117, 118, 120, 122, 124, 125, 126, 128, 129, 130, 131, 133, 134, 136, 137, 138, 139, 143, 144, 145, 146, 148, 149, 152
99: 1, 2, 3, 4, 5, 7, 12, 13, 14, 15, 16, 17, 21, 22, 25, 26, 27, 28, 30, 31, 32, 36, 37, 38, 39, 40, 43, 44, 45, 47, 48, 49, 51, 52, 53, 57, 58, 60, 61, 63, 64, 66, 68, 69, 74, 75, 76, 77, 78, 82, 85, 86, 87, 88, 89, 90, 91, 92, 93, 94, 95, 96, 100, 101, 102, 103, 104, 105, 106, 110, 113, 115, 116, 117, 118, 120, 121, 124, 126, 129, 131, 132, 134, 136, 138, 139, 140, 142, 143, 144, 145, 148, 149, 154, 155, 157, 158
100: 1, 2, 3, 4, 5, 6, 7, 9, 10, 12, 13, 15, 17, 18, 19, 20, 21, 22, 24, 25, 26, 27, 30, 31, 32, 34, 36, 37, 39, 40, 41, 42, 43, 44, 45, 46, 47, 48, 49, 51, 52, 53, 54, 55, 56, 57, 58, 61, 62, 63, 64, 65, 66, 67, 68, 69, 70, 71, 72, 76, 78, 80, 82, 83, 84, 85, 86, 87, 88, 89, 91, 92, 93, 94, 95, 96, 97, 98, 99, 101, 102, 103, 104, 105, 106, 107, 108, 109, 110, 111, 113, 114, 115, 116, 117, 118, 121, 123, 124, 125, 126, 129, 130, 131, 132, 133, 134, 136, 137, 138, 139, 140, 141, 142, 143, 144, 145, 146, 148, 149, 150, 152, 153, 154, 155, 159
101: 1, 3, 5, 6, 7, 8, 10, 11, 12, 13, 14, 16, 17, 18, 19, 20, 21, 24, 26, 28, 29, 30, 32, 33, 35, 36, 37, 39, 40, 43, 44, 45, 46, 47, 48, 49, 51, 53, 54, 55, 56, 57, 58, 60, 61, 62, 64, 66, 67, 68, 70, 71, 72, 73, 78, 79, 81, 82, 83, 85, 86, 87, 90, 91, 92, 93, 94, 95, 96, 98, 99, 100, 102, 104, 106, 108, 109, 111, 112, 114, 115, 116, 117, 118, 119, 120, 122, 123, 124, 125, 126, 127, 128, 129, 130, 131, 132, 134, 136, 137, 138, 139, 140, 141, 144, 145, 147, 148, 149, 151, 153, 155, 156, 157, 159
102: 1, 2, 5, 6, 7, 8, 11, 12, 14, 16, 17, 21, 22, 24, 25, 28, 29, 31, 33, 39, 48, 51, 54, 55, 58, 59, 60, 61, 62, 64, 66, 67, 68, 69, 73, 76, 77, 78, 79, 84, 85, 86, 87, 90, 91, 93, 94, 95, 96, 97, 99, 100, 101, 105, 106, 107, 109, 111, 113, 116, 118, 119, 121, 123, 126, 127, 131, 132, 134, 136, 137, 138, 140, 141, 142, 143, 144, 145, 147, 148, 149, 151, 152, 155, 156, 157, 158, 159
103: 1, 2, 3, 4, 5, 7, 12, 13, 14, 16, 17, 21, 22, 24, 26, 27, 30, 31, 32, 36, 37, 38, 39, 40, 41, 42, 43, 44, 45, 47, 48, 49, 50, 51, 53, 56, 57, 60, 62, 63, 64, 65, 66, 68, 69, 70, 71, 72, 73, 76, 77, 80, 81, 85, 86, 87, 88, 89, 91, 92, 93, 94, 95, 96, 98, 99, 100, 104, 105, 106, 110, 113, 114, 115, 116, 117, 118, 120, 122, 124, 126, 128, 129, 130, 131, 133, 134, 136, 137, 138, 139, 140, 142, 143, 144, 145, 146, 148, 149, 154, 157, 159
104: 0, 1, 2, 3, 4, 5, 7, 8, 9, 10, 11, 12, 13, 14, 16, 17, 18, 19, 20, 21, 22, 24, 25, 26, 27, 28, 30, 31, 32, 34, 35, 36, 37, 39, 40, 41, 42, 43, 44, 45, 46, 47, 48, 49, 50, 51, 52, 53, 54, 55, 56, 57, 58, 60, 61, 62, 63, 64, 67, 68, 69, 70, 71, 72, 73, 76, 78, 79, 80, 81, 82, 83, 85, 86, 87, 88, 89, 91, 92, 93, 94, 95, 96, 97, 98, 99, 100, 101, 103, 105, 106, 107, 108, 110, 111, 113, 114, 115, 116, 117, 118, 119, 120, 121, 122, 123, 124, 126, 127, 128, 129, 130, 131, 132, 133, 134, 136, 137, 138, 139, 140, 142, 143, 144, 145, 146, 147, 148, 149, 150, 153, 154, 155, 157, 158, 159
105: 0, 1, 2, 3, 4, 5, 6, 7, 8, 9, 10, 11, 12, 13, 14, 16, 17, 18, 19, 20, 21, 22, 24, 25, 26, 27, 28, 29, 30, 31, 32, 33, 34, 35, 36, 37, 39, 40, 41, 42, 43, 44, 47, 48, 49, 51, 53, 54, 55, 56, 57, 58, 61, 62, 63, 64, 66, 67, 68, 69, 71, 72, 73, 76, 77, 78, 79, 80, 84, 85, 86, 87, 88, 89, 90, 91, 92, 93, 94, 95, 96, 97, 99, 100, 102, 103, 104, 106, 107, 108, 109, 110, 111, 113, 114, 115, 116, 118, 119, 121, 123, 124, 127, 131, 132, 133, 134, 136, 137, 138, 139, 140, 141, 142, 143, 144, 145, 146, 147, 148, 149, 150, 152, 153, 154, 157, 158, 159
106: 0, 1, 2, 3, 4, 5, 7, 9, 10, 12, 13, 14, 17, 18, 19, 20, 21, 22, 24, 25, 26, 27, 30, 31, 32, 34, 36, 37, 38, 39, 40, 41, 42, 43, 44, 45, 46, 47, 48, 49, 50, 51, 52, 53, 54, 55, 56, 57, 58, 60, 61, 62, 63, 64, 66, 67, 68, 70, 71, 72, 73, 76, 77, 78, 79, 81, 82, 85, 86, 87, 89, 91, 92, 93, 94, 95, 96, 97, 98, 99, 100, 101, 102, 103, 104, 105, 107, 108, 109, 110, 112, 113, 114, 115, 116, 117, 118, 120, 121, 122, 123, 124, 125, 126, 127, 128, 129, 130, 131, 132, 133, 134, 136, 137, 138, 139, 140, 142, 143, 144, 145, 146, 148, 149, 150, 152, 153, 154, 155, 159
107: 2, 3, 4, 6, 7, 8, 9, 10, 11, 12, 13, 14, 16, 17, 21, 22, 25, 27, 28, 29, 30, 31, 33, 34, 35, 36, 37, 40, 41, 43, 48, 49, 51, 67, 68, 69, 76, 77, 80, 87, 90, 92, 94, 95, 96, 97, 100, 102, 104, 105, 106, 108, 110, 111, 113, 114, 115, 118, 119, 121, 123, 124, 127, 131, 132, 133, 134, 135, 136, 137, 140, 141, 142, 143, 144, 145, 147, 148, 149, 150, 153, 154, 157, 158, 159
108: 1, 3, 4, 5, 6, 7, 8, 9, 10, 11, 12, 13, 14, 16, 17, 18, 19, 20, 21, 22, 24, 26, 27, 28, 29, 30, 31, 33, 34, 35, 36, 37, 39, 40, 41, 42, 43, 46, 48, 49, 52, 54, 55, 56, 57, 58, 60, 61, 62, 63, 64, 67, 68, 69, 70, 71, 72, 73, 76, 78, 79, 80, 81, 82, 83, 84, 85, 86, 87, 89, 90, 91, 92, 93, 94, 95, 100, 101, 104, 105, 106, 107, 109, 110, 111, 112, 114, 115, 116, 118, 119, 122, 123, 124, 125, 126, 127, 128, 129, 132, 133, 134, 137, 138, 140, 141, 144, 145, 146, 147, 148, 149, 150, 151, 153, 154, 155, 157, 159
109: 1, 2, 3, 5, 6, 7, 8, 10, 11, 12, 14, 15, 16, 17, 18, 19, 20, 21, 22, 23, 24, 25, 26, 27, 28, 29, 33, 35, 36, 37, 38, 39, 40, 42, 44, 46, 48, 51, 54, 55, 56, 57, 58, 59, 60, 61, 62, 63, 67, 68, 70, 71, 72, 73, 74, 76, 78, 79, 81, 83, 84, 85, 86, 87, 88, 89, 90, 91, 92, 93, 94, 95, 97, 100, 101, 102, 105, 106, 108, 110, 111, 112, 113, 114, 115, 116, 117, 118, 119, 121, 122, 123, 124, 125, 126, 127, 128, 129, 131, 132, 133, 134, 137, 138, 140, 141, 142, 144, 145, 146, 147, 148, 149, 150, 151, 152, 153, 155, 156, 157, 159
110: 0, 1, 2, 3, 4, 5, 7, 9, 10, 11, 12, 13, 14, 15, 16, 17, 18, 19, 20, 21, 22, 23, 24, 25, 26, 27, 30, 31, 32, 34, 36, 37, 39, 40, 41, 42, 43, 44, 45, 46, 47, 48, 49, 51, 52, 53, 54, 55, 56, 57, 58, 60, 61, 62, 63, 64, 67, 68, 69, 70, 71, 72, 73, 76, 77, 78, 79, 80, 81, 83, 84, 85, 86, 87, 88, 89, 91, 92, 93, 94, 95, 96, 97, 98, 99, 100, 103, 104, 105, 106, 107, 108, 109, 111, 113, 114, 115, 116, 117, 118, 119, 120, 121, 122, 123, 124, 126, 127, 129, 130, 131, 132, 133, 134, 136, 137, 138, 139, 140, 142, 143, 144, 145, 146, 148, 149, 150, 151, 153, 154, 157, 158, 159
111: 1, 3, 4, 5, 6, 7, 8, 9, 10, 11, 12, 13, 14, 16, 17, 18, 19, 20, 21, 22, 24, 25, 26, 27, 28, 29, 30, 31, 33, 34, 35, 36, 37, 39, 40, 41, 42, 43, 46, 48, 49, 52, 54, 55, 56, 57, 58, 61, 62, 63, 64, 67, 68, 69, 70, 71, 72, 73, 76, 78, 79, 80, 82, 83, 84, 85, 86, 87, 89, 90, 91, 92, 93, 94, 95, 96, 97, 100, 101, 102, 104, 105, 107, 108, 109, 110, 114, 115, 116, 118, 119, 121, 122, 123, 124, 125, 126, 127, 129, 132, 133, 134, 137, 138, 140, 141, 144, 145, 146, 147, 148, 149, 150, 151, 153, 154, 155, 156, 157, 158, 159
112: 1, 3, 5, 7, 10, 12, 13, 14, 17, 18, 19, 20, 21, 24, 26, 32, 37, 38, 39, 40, 42, 44, 45, 46, 47, 48, 50, 52, 53, 54, 55, 56, 57, 58, 59, 60, 61, 62, 63, 64, 67, 68, 70, 71, 72, 73, 78, 79, 81, 82, 83, 85, 86, 87, 91, 92, 93, 94, 95, 96, 98, 101, 106, 108, 109, 114, 116, 117, 118, 120, 122, 123, 124, 125, 126, 127, 128, 129, 130, 131, 132, 134, 137, 138, 139, 144, 145, 148, 149, 152, 153, 155, 156, 159
113: 2, 3, 4, 5, 6, 7, 8, 9, 10, 11, 12, 13, 16, 17, 19, 20, 22, 25, 26, 27, 28, 29, 30, 31, 32, 33, 34, 35, 36, 40, 41, 43, 48, 49, 51, 58, 66, 67, 68, 69, 74, 76, 80, 85, 87, 89, 91, 92, 93, 94, 95, 96, 97, 99, 100, 102, 103, 104, 105, 106, 107, 109, 110, 114, 116, 118, 121, 123, 124, 131, 132, 133, 134, 136, 137, 138, 140, 141, 142, 143, 144, 145, 147, 148, 149, 150, 152, 153, 154, 157, 158
114: 1, 3, 4, 5, 6, 7, 8, 9, 10, 11, 12, 13, 14, 16, 17, 18, 19, 20, 21, 22, 24, 26, 27, 28, 29, 30, 31, 32, 33, 34, 35, 36, 37, 39, 40, 41, 42, 43, 44, 45, 46, 47, 48, 49, 51, 52, 53, 54, 55, 56, 57, 58, 60, 61, 62, 63, 64, 67, 68, 70, 71, 72, 73, 76, 78, 79, 80, 81, 82, 83, 84, 85, 86, 87, 89, 90, 91, 92, 93, 94, 95, 96, 100, 101, 103, 104, 105, 106, 107, 108, 109, 110, 111, 112, 113, 115, 116, 118, 119, 121, 122, 123, 124, 125, 126, 127, 128, 129, 131, 132, 133, 134, 137, 138, 139, 140, 141, 144, 145, 146, 147, 148, 149, 150, 153, 155, 156, 157, 159
115: 0, 1, 2, 3, 4, 5, 7, 8, 9, 10, 11, 12, 13, 14, 15, 16, 17, 18, 19, 20, 21, 22, 23, 24, 25, 26, 27, 28, 29, 30, 31, 32, 34, 35, 36, 37, 39, 40, 41, 42, 43, 44, 45, 46, 47, 48, 49, 50, 51, 52, 53, 54, 55, 56, 57, 58, 60, 61, 62, 63, 64, 66, 67, 68, 69, 70, 71, 72, 76, 77, 78, 79, 80, 81, 82, 83, 85, 86, 87, 88, 89, 91, 92, 93, 94, 95, 96, 97, 98, 99, 100, 101, 103, 104, 105, 106, 107, 108, 109, 110, 111, 114, 116, 117, 118, 119, 120, 121, 122, 123, 124, 126, 127, 129, 130, 131, 132, 133, 134, 136, 137, 138, 139, 140, 143, 144, 145, 146, 147, 148, 149, 150, 151, 153, 154, 155, 157, 158, 159
116: 1, 2, 3, 4, 5, 6, 7, 10, 11, 12, 13, 14, 16, 17, 18, 19, 20, 21, 22, 24, 25, 26, 27, 28, 29, 30, 31, 32, 33, 35, 36, 37, 38, 39, 40, 41, 42, 43, 44, 45, 46, 47, 48, 49, 50, 51, 52, 53, 54, 55, 56, 57, 58, 59, 60, 61, 62, 63, 64, 66, 67, 68, 70, 71, 72, 73, 76, 77, 78, 79, 81, 82, 83, 84, 85, 86, 87, 89, 90, 91, 92, 93, 94, 95, 96, 98, 99, 100, 101, 102, 103, 104, 105, 106, 108, 109, 110, 111, 112, 113, 114, 115, 117, 118, 119, 120, 121, 122, 123, 124, 125, 126, 127, 128, 129, 130, 131, 132, 133, 134, 136, 137, 138, 139, 140, 142, 143, 144, 145, 146, 147, 148, 149, 151, 152, 153, 154, 155, 156, 157, 159
117: 0, 1, 2, 3, 4, 5, 7, 12, 13, 15, 17, 18, 21, 24, 25, 26, 27, 30, 32, 36, 38, 39, 40, 42, 43, 44, 45, 46, 47, 48, 49, 50, 51, 52, 53, 54, 57, 58, 60, 61, 62, 63, 64, 65, 66, 68, 70, 71, 73, 75, 77, 78, 79, 81, 82, 85, 86, 87, 89, 91, 92, 93, 95, 96, 98, 99, 100, 101, 103, 104, 106, 109, 110, 112, 115, 116, 118, 120, 122, 124, 125, 126, 128, 129, 130, 131, 133, 134, 136, 138, 139, 143, 144, 145, 146, 148, 149, 152, 155
118: 1, 2, 3, 4, 5, 6, 7, 8, 9, 10, 11, 12, 13, 14, 16, 17, 18, 19, 20, 21, 22, 24, 25, 26, 27, 28, 29, 30, 31, 32, 33, 34, 35, 36, 37, 39, 40, 41, 42, 43, 44, 45, 46, 47, 48, 49, 50, 51, 52, 53, 54, 55, 56, 57, 58, 59, 60, 61, 62, 63, 64, 66, 67, 68, 69, 70, 71, 72, 73, 76, 78, 79, 80, 81, 82, 83, 84, 85, 86, 87, 89, 90, 91, 92, 93, 94, 95, 96, 98, 99, 100, 101, 102, 103, 104, 105, 106, 107, 108, 109, 110, 111, 112, 113, 114, 115, 116, 117, 119, 120, 121, 122, 123, 124, 125, 126, 127, 128, 129, 130, 131, 132, 133, 134, 136, 137, 138, 139, 140, 141, 143, 144, 145, 146, 147, 148, 149, 150, 151, 153, 154, 155, 156, 157, 159
119: 1, 3, 4, 5, 6, 7, 8, 9, 10, 11, 12, 13, 14, 16, 17, 18, 19, 20, 21, 22, 24, 25, 26, 27, 28, 29, 30, 31, 33, 34, 35, 36, 37, 39, 40, 41, 43, 46, 48, 49, 51, 53, 54, 55, 56, 57, 58, 60, 61, 62, 64, 67, 68, 69, 70, 71, 72, 73, 77, 78, 79, 81, 83, 84, 85, 86, 87, 90, 91, 92, 93, 94, 95, 96, 101, 102, 104, 105, 107, 108, 109, 110, 111, 114, 115, 116, 118, 121, 122, 123, 124, 126, 127, 129, 132, 134, 136, 137, 138, 140, 141, 144, 145, 147, 148, 149, 150, 151, 153, 154, 155, 156, 157, 158, 159
120: 0, 1, 2, 7, 12, 13, 18, 21, 24, 26, 27, 30, 32, 36, 39, 42, 43, 44, 45, 46, 47, 48, 49, 50, 51, 52, 53, 54, 58, 59, 60, 61, 62, 63, 64, 65, 66, 68, 71, 73, 75, 77, 78, 81, 82, 85, 86, 92, 93, 95, 96, 98, 99, 101, 103, 104, 106, 110, 112, 115, 116, 117, 118, 122, 124, 125, 126, 128, 129, 130, 131, 133, 136, 138, 139, 144, 145, 148, 149, 151, 152, 154, 155, 159
121: 2, 3, 4, 6, 7, 8, 9, 10, 11, 12, 13, 15, 17, 19, 20, 21, 22, 25, 26, 27, 28, 29, 30, 31, 32, 33, 34, 35, 36, 40, 41, 43, 48, 49, 51, 58, 66, 67, 68, 69, 74, 76, 80, 85, 91, 92, 93, 94, 95, 96, 97, 99, 100, 102, 104, 105, 106, 107, 109, 110, 111, 113, 114, 115, 116, 118, 119, 123, 124, 131, 132, 134, 137, 138, 140, 141, 142, 143, 144, 145, 147, 148, 149, 150, 153, 154, 157, 158
122: 0, 1, 2, 3, 4, 5, 7, 10, 12, 13, 14, 16, 17, 18, 19, 20, 21, 24, 26, 27, 28, 30, 32, 36, 37, 39, 40, 42, 43, 44, 45, 46, 47, 48, 49, 50, 52, 53, 54, 55, 56, 57, 58, 59, 60, 61, 62, 63, 64, 67, 68, 70, 71, 72, 73, 78, 79, 81, 83, 85, 86, 87, 91, 92, 93, 94, 95, 96, 98, 101, 103, 104, 106, 108, 109, 110, 111, 112, 114, 115, 116, 117, 118, 119, 120, 123, 124, 125, 126, 127, 128, 129, 130, 131, 132, 133, 134, 137, 138, 139, 144, 145, 146, 148, 149, 153, 155, 156, 157, 159
123: 1, 3, 4, 5, 6, 7, 8, 9, 10, 11, 12, 13, 14, 16, 17, 18, 19, 20, 21, 22, 24, 25, 26, 27, 28, 29, 30, 31, 33, 34, 35, 36, 37, 39, 40, 41, 42, 43, 46, 48, 49, 54, 55, 56, 57, 58, 60, 61, 62, 63, 64, 67, 68, 69, 70, 71, 72, 73, 76, 78, 79, 80, 81, 83, 84, 85, 86, 87, 90, 91, 92, 93, 94, 95, 96, 97, 100, 101, 102, 104, 105, 106, 107, 108, 109, 110, 111, 112, 113, 114, 115, 116, 118, 119, 121, 122, 124, 126, 127, 128, 129, 131, 132, 133, 134, 135, 137, 138, 139, 140, 141, 144, 145, 146, 147, 148, 149, 150, 151, 153, 154, 155, 156, 157, 158, 159
124: 1, 2, 3, 4, 5, 6, 7, 9, 10, 11, 12, 13, 14, 15, 16, 17, 18, 19, 20, 21, 22, 24, 25, 26, 27, 28, 29, 30, 31, 32, 34, 35, 36, 37, 39, 40, 41, 42, 43, 44, 45, 46, 47, 48, 49, 50, 51, 52, 53, 54, 55, 56, 57, 58, 60, 61, 62, 63, 64, 66, 67, 68, 69, 70, 71, 72, 73, 75, 76, 77, 78, 79, 80, 81, 82, 83, 84, 85, 86, 87, 88, 89, 90, 91, 92, 93, 94, 95, 96, 97, 98, 99, 100, 101, 103, 104, 105, 106, 107, 108, 109, 110, 111, 112, 113, 114, 115, 116, 117, 118, 119, 120, 121, 122, 123, 126, 127, 129, 130, 131, 132, 133, 134, 136, 137, 138, 139, 140, 142, 143, 144, 145, 146, 148, 149, 150, 151, 152, 153, 154, 155, 157, 158, 159
125: 1, 3, 5, 7, 12, 14, 17, 18, 19, 20, 21, 24, 26, 37, 39, 40, 44, 45, 46, 47, 48, 50, 52, 53, 54, 55, 57, 58, 59, 60, 61, 62, 64, 65, 68, 70, 71, 72, 73, 78, 79, 81, 82, 83, 84, 85, 86, 87, 93, 95, 96, 98, 100, 101, 106, 108, 109, 111, 112, 114, 116, 117, 118, 120, 122, 126, 128, 129, 130, 131, 132, 134, 137, 138, 144, 145, 148, 149, 152, 155, 156, 159
126: 0, 1, 2, 3, 4, 5, 7, 10, 11, 12, 13, 14, 16, 17, 18, 19, 20, 21, 24, 26, 27, 28, 30, 32, 36, 37, 38, 39, 40, 41, 42, 43, 44, 45, 46, 47, 48, 49, 50, 51, 52, 53, 54, 55, 56, 57, 58, 59, 60, 61, 62, 63, 64, 67, 68, 70, 71, 72, 73, 78, 79, 81, 82, 83, 84, 85, 86, 87, 91, 92, 93, 94, 95, 96, 98, 99, 100, 101, 102, 103, 104, 106, 108, 109, 110, 111, 112, 114, 115, 116, 117, 118, 119, 120, 122, 123, 124, 125, 127, 128, 129, 130, 131, 132, 133, 134, 136, 137, 138, 139, 140, 143, 144, 145, 146, 147, 148, 149, 151, 152, 153, 155, 156, 157, 159
127: 1, 2, 3, 4, 5, 6, 7, 10, 11, 12, 13, 14, 16, 17, 18, 19, 20, 21, 22, 24, 26, 28, 30, 32, 33, 35, 37, 39, 40, 43, 44, 46, 47, 48, 49, 51, 53, 54, 55, 56, 57, 58, 59, 60, 61, 62, 64, 67, 68, 70, 71, 72, 73, 78, 79, 81, 83, 84, 85, 86, 87, 90, 91, 92, 93, 94, 95, 96, 101, 102, 104, 105, 106, 107, 108, 109, 110, 111, 112, 114, 115, 116, 118, 119, 122, 123, 124, 126, 128, 129, 131, 132, 134, 136, 137, 138, 139, 140, 142, 143, 144, 145, 147, 148, 149, 151, 153, 155, 156, 157, 159
128: 1, 3, 5, 7, 10, 12, 13, 14, 16, 17, 18, 19, 20, 21, 24, 26, 32, 37, 38, 39, 40, 42, 44, 45, 46, 47, 48, 50, 52, 53, 54, 55, 56, 57, 58, 59, 60, 61, 62, 63, 64, 67, 68, 70, 71, 72, 73, 78, 79, 81, 83, 85, 86, 87, 91, 92, 93, 95, 96, 98, 101, 103, 104, 106, 108, 109, 112, 114, 116, 117, 118, 120, 122, 123, 125, 126, 127, 129, 130, 131, 132, 134, 137, 138, 139, 144, 145, 148, 149, 153, 155, 156, 159
129: 1, 2, 3, 4, 5, 6, 7, 10, 11, 12, 13, 14, 16, 17, 18, 19, 20, 21, 22, 24, 26, 27, 28, 30, 32, 35, 36, 37, 39, 40, 41, 42, 43, 44, 45, 46, 47, 48, 49, 50, 52, 53, 54, 55, 56, 57, 58, 60, 61, 62, 63, 64, 67, 68, 70, 71, 72, 73, 78, 79, 81, 82, 83, 85, 86, 87, 91, 92, 93, 94, 95, 96, 98, 99, 100, 101, 103, 104, 106, 108, 109, 110, 111, 112, 114, 115, 116, 117, 118, 119, 120, 122, 123, 124, 125, 126, 127, 128, 130, 131, 132, 134, 136, 137, 138, 139, 140, 143, 144, 145, 147, 148, 149, 151, 153, 155, 156, 157, 159
130: 1, 2, 3, 7, 12, 13, 17, 18, 24, 26, 30, 32, 36, 37, 38, 39, 40, 42, 43, 44, 45, 46, 47, 48, 49, 50, 52, 53, 54, 57, 58, 59, 60, 61, 62, 63, 64, 65, 68, 71, 73, 81, 82, 85, 86, 87, 92, 93, 95, 96, 98, 100, 101, 103, 104, 106, 110, 112, 115, 116, 117, 118, 120, 122, 124, 125, 126, 128, 129, 131, 133, 137, 138, 139, 143, 144, 145, 146, 148, 149, 152
131: 0, 1, 2, 3, 4, 5, 7, 9, 10, 12, 13, 14, 17, 18, 21, 22, 24, 25, 26, 27, 30, 31, 32, 33, 34, 36, 37, 38, 39, 40, 41, 42, 43, 44, 45, 46, 47, 48, 49, 50, 51, 52, 53, 54, 55, 57, 58, 59, 60, 61, 62, 63, 64, 65, 66, 67, 68, 69, 70, 71, 73, 75, 76, 77, 78, 79, 81, 82, 84, 85, 86, 87, 88, 89, 91, 92, 93, 94, 95, 96, 97, 98, 99, 100, 101, 102, 103, 104, 105, 106, 107, 109, 110, 112, 113, 114, 115, 116, 117, 118, 120, 121, 122, 123, 124, 125, 126, 127, 128, 129, 130, 132, 133, 134, 136, 137, 138, 139, 140, 142, 143, 144, 145, 146, 148, 149, 150, 152, 153, 154, 155, 159
132: 1, 2, 3, 4, 5, 6, 7, 8, 9, 10, 11, 12, 13, 14, 16, 17, 18, 19, 20, 21, 22, 24, 25, 26, 27, 28, 29, 30, 31, 32, 33, 34, 35, 36, 37, 39, 40, 41, 42, 43, 44, 46, 47, 48, 49, 51, 53, 54, 55, 56, 57, 58, 59, 60, 61, 62, 63, 64, 67, 68, 69, 70, 71, 72, 73, 76, 78, 79, 80, 81, 83, 84, 85, 86, 87, 89, 90, 91, 92, 93, 94, 95, 96, 97, 99, 100, 101, 102, 104, 105, 106, 107, 108, 109, 110, 111, 112, 113, 114, 115, 116, 118, 119, 121, 122, 123, 124, 125, 126, 127, 128, 129, 131, 133, 134, 136, 137, 138, 139, 140, 141, 142, 143, 144, 145, 146, 147, 148, 149, 150, 151, 153, 154, 155, 156, 157, 158, 159
133: 1, 2, 3, 4, 5, 7, 9, 10, 12, 13, 14, 15, 16, 17, 18, 21, 22, 23, 24, 25, 26, 27, 30, 31, 32, 34, 36, 37, 38, 39, 40, 41, 42, 43, 44, 45, 46, 47, 48, 49, 50, 51, 53, 54, 55, 56, 57, 58, 59, 60, 62, 63, 67, 68, 69, 70, 71, 73, 75, 76, 80, 81, 83, 84, 85, 87, 88, 89, 91, 92, 93, 94, 95, 96, 97, 98, 100, 103, 104, 105, 106, 107, 108, 109, 110, 111, 113, 114, 115, 116, 117, 118, 120, 122, 123, 124, 126, 130, 131, 132, 134, 136, 137, 138, 139, 140, 142, 143, 144, 145, 146, 148, 149, 150, 151, 152, 153, 154, 159
134: 1, 2, 3, 4, 5, 6, 7, 8, 9, 10, 11, 12, 13, 14, 15, 16, 17, 18, 19, 20, 21, 22, 23, 24, 25, 26, 27, 28, 29, 30, 31, 32, 33, 34, 35, 36, 37, 39, 40, 41, 42, 43, 44, 45, 46, 47, 48, 49, 51, 53, 54, 55, 56, 57, 58, 59, 60, 61, 62, 63, 64, 66, 67, 68, 69, 70, 71, 72, 73, 76, 77, 78, 79, 80, 81, 83, 84, 85, 86, 87, 88, 89, 90, 91, 92, 93, 94, 95, 96, 97, 98, 99, 100, 101, 102, 103, 104, 105, 106, 107, 108, 109, 110, 111, 112, 113, 114, 115, 116, 117, 118, 119, 121, 122, 123, 124, 125, 126, 127, 128, 129, 131, 132, 133, 136, 137, 138, 139, 140, 141, 142, 143, 144, 145, 146, 147, 148, 149, 150, 151, 152, 153, 154, 155, 156, 157, 158, 159
135: 8, 11, 23, 29, 31, 34, 35, 41, 69, 74, 80, 88, 107, 123, 141, 147, 158
136: 0, 1, 2, 4, 5, 7, 9, 12, 13, 14, 16, 17, 21, 22, 23, 24, 25, 26, 27, 28, 30, 31, 32, 36, 37, 38, 39, 41, 42, 43, 44, 45, 47, 48, 49, 50, 51, 52, 53, 54, 56, 57, 58, 60, 61, 62, 63, 64, 65, 66, 67, 68, 69, 70, 71, 73, 75, 76, 77, 78, 79, 80, 82, 85, 86, 87, 88, 89, 90, 91, 92, 93, 94, 95, 96, 98, 99, 100, 101, 102, 103, 104, 105, 106, 107, 110, 113, 115, 116, 117, 118, 119, 120, 124, 126, 127, 129, 131, 132, 133, 134, 137, 138, 139, 140, 142, 143, 144, 145, 147, 148, 149, 150, 151, 154, 155, 157, 158, 159
137: 1, 2, 3, 4, 5, 6, 7, 8, 9, 10, 11, 12, 13, 14, 16, 17, 18, 19, 20, 21, 22, 24, 25, 26, 27, 28, 29, 30, 31, 32, 33, 34, 35, 36, 37, 39, 40, 41, 42, 43, 44, 45, 46, 47, 48, 49, 51, 53, 54, 55, 56, 57, 58, 59, 60, 61, 62, 63, 64, 67, 68, 69, 70, 71, 72, 73, 76, 78, 79, 80, 81, 83, 84, 85, 86, 87, 89, 90, 91, 92, 93, 94, 95, 96, 97, 98, 100, 101, 102, 103, 104, 105, 106, 107, 108, 109, 110, 111, 112, 113, 114, 115, 116, 118, 119, 121, 122, 123, 124, 125, 126, 127, 128, 129, 130, 131, 132, 133, 134, 136, 138, 139, 140, 141, 142, 143, 144, 145, 146, 147, 148, 149, 150, 151, 153, 154, 155, 156, 157, 159
138: 1, 2, 3, 4, 5, 6, 7, 10, 11, 12, 13, 14, 16, 17, 18, 19, 20, 21, 22, 24, 25, 26, 27, 28, 30, 31, 32, 33, 36, 37, 38, 39, 40, 42, 43, 44, 45, 46, 47, 48, 49, 51, 53, 54, 55, 56, 57, 58, 59, 60, 61, 62, 63, 64, 66, 67, 68, 70, 71, 72, 73, 76, 78, 79, 81, 82, 83, 84, 85, 86, 87, 90, 91, 92, 93, 94, 95, 96, 98, 99, 100, 101, 102, 103, 104, 105, 106, 108, 109, 110, 111, 112, 113, 114, 115, 116, 117, 118, 119, 120, 121, 122, 123, 124, 125, 126, 127, 128, 129, 130, 131, 132, 133, 134, 136, 137, 139, 140, 142, 143, 144, 145, 146, 147, 148, 149, 151, 152, 153, 154, 155, 156, 157, 159
139: 0, 1, 2, 3, 4, 5, 7, 9, 10, 12, 13, 14, 17, 18, 20, 21, 22, 24, 26, 27, 30, 31, 32, 34, 36, 37, 38, 39, 40, 41, 42, 43, 44, 45, 46, 47, 48, 49, 50, 51, 52, 53, 54, 56, 57, 58, 60, 61, 62, 63, 64, 66, 67, 68, 70, 71, 72, 73, 76, 77, 78, 79, 81, 82, 85, 86, 87, 89, 91, 92, 93, 94, 95, 96, 98, 99, 100, 101, 103, 104, 105, 106, 110, 112, 114, 115, 116, 117, 118, 120, 122, 123, 124, 126, 127, 128, 129, 130, 131, 132, 133, 134, 136, 137, 138, 140, 142, 143, 144, 145, 146, 148, 149, 153, 154, 155, 159
140: 0, 1, 2, 3, 4, 5, 6, 7, 8, 9, 10, 11, 12, 13, 14, 16, 17, 18, 19, 20, 21, 22, 24, 25, 26, 27, 28, 29, 30, 31, 32, 33, 34, 35, 36, 37, 39, 40, 41, 42, 43, 44, 47, 48, 49, 51, 53, 54, 55, 56, 57, 58, 61, 62, 63, 64, 66, 67, 68, 69, 70, 71, 72, 76, 77, 78, 80, 84, 85, 86, 87, 88, 89, 90, 91, 92, 93, 94, 95, 96, 97, 99, 100, 101, 102, 103, 104, 105, 106, 107, 108, 109, 110, 111, 113, 114, 115, 116, 118, 119, 121, 123, 124, 126, 127, 129, 131, 132, 133, 134, 136, 137, 138, 139, 141, 142, 143, 144, 145, 146, 147, 148, 149, 150, 152, 153, 154, 157, 158, 159
141: 1, 3, 4, 5, 6, 7, 8, 9, 10, 11, 12, 16, 17, 19, 20, 21, 22, 24, 25, 26, 28, 29, 31, 33, 34, 35, 36, 37, 40, 41, 48, 49, 55, 56, 57, 67, 69, 70, 71, 72, 74, 78, 80, 82, 83, 84, 87, 89, 90, 91, 93, 94, 95, 100, 101, 102, 105, 107, 108, 109, 111, 113, 114, 118, 119, 121, 123, 132, 134, 135, 137, 140, 144, 145, 147, 149, 151, 153, 154, 155, 157, 158, 159
142: 0, 2, 4, 5, 6, 9, 14, 16, 22, 25, 27, 30, 31, 32, 33, 34, 36, 39, 44, 47, 48, 49, 51, 53, 54, 58, 59, 60, 61, 62, 66, 67, 68, 69, 75, 76, 77, 78, 79, 84, 85, 88, 89, 91, 92, 94, 95, 96, 97, 99, 100, 102, 103, 104, 105, 106, 107, 109, 110, 113, 116, 121, 124, 127, 131, 132, 133, 134, 136, 137, 138, 139, 140, 143, 144, 145, 146, 148, 149, 150, 152, 154, 157, 158
143: 0, 1, 2, 4, 5, 7, 9, 12, 13, 14, 16, 17, 22, 24, 25, 27, 30, 31, 32, 33, 34, 36, 37, 38, 39, 40, 41, 42, 43, 44, 45, 47, 48, 49, 51, 53, 54, 56, 57, 58, 59, 60, 61, 62, 63, 64, 66, 67, 68, 71, 73, 76, 77, 78, 79, 80, 81, 85, 86, 87, 88, 89, 91, 92, 93, 94, 95, 96, 97, 98, 99, 100, 102, 103, 104, 105, 106, 107, 110, 113, 115, 116, 117, 118, 121, 124, 126, 127, 129, 130, 131, 132, 133, 134, 136, 137, 138, 139, 140, 142, 144, 145, 146, 148, 149, 150, 152, 154, 157, 158
144: 1, 2, 3, 4, 5, 6, 7, 8, 9, 10, 11, 12, 13, 14, 16, 17, 18, 19, 20, 21, 22, 24, 25, 26, 27, 28, 29, 30, 31, 32, 33, 34, 35, 36, 37, 39, 40, 41, 42, 43, 44, 45, 46, 47, 48, 49, 51, 53, 54, 55, 56, 57, 58, 59, 60, 61, 62, 63, 64, 66, 67, 68, 69, 70, 71, 72, 73, 76, 78, 79, 80, 81, 82, 83, 84, 85, 86, 87, 89, 90, 91, 92, 93, 94, 95, 96, 97, 98, 99, 100, 101, 102, 103, 104, 105, 106, 107, 108, 109, 110, 111, 112, 113, 114, 115, 116, 117, 118, 119, 120, 121, 122, 123, 124, 125, 126, 127, 128, 129, 130, 131, 132, 133, 134, 136, 137, 138, 139, 140, 141, 142, 143, 145, 146, 147, 148, 149, 150, 151, 153, 154, 155, 156, 157, 159
145: 1, 2, 3, 4, 5, 6, 7, 8, 9, 10, 11, 12, 13, 14, 16, 17, 18, 19, 20, 21, 22, 24, 25, 26, 27, 28, 29, 30, 31, 32, 33, 34, 35, 36, 37, 39, 40, 41, 42, 43, 44, 45, 46, 47, 48, 49, 51, 53, 54, 55, 56, 57, 58, 59, 60, 61, 62, 63, 64, 67, 68, 69, 70, 71, 72, 73, 76, 78, 79, 80, 81, 83, 84, 85, 86, 87, 90, 91, 92, 93, 94, 95, 96, 98, 99, 100, 101, 102, 103, 104, 105, 106, 107, 108, 109, 110, 111, 112, 113, 114, 115, 116, 117, 118, 119, 120, 121, 122, 123, 124, 125, 126, 127, 128, 129, 130, 131, 132, 133, 134, 136, 137, 138, 139, 140, 141, 142, 143, 144, 146, 147, 148, 149, 150, 151, 153, 154, 155, 156, 157, 159
146: 1, 2, 3, 4, 5, 7, 9, 10, 12, 13, 14, 15, 17, 18, 20, 21, 22, 23, 24, 25, 26, 27, 30, 31, 32, 34, 36, 37, 38, 39, 40, 41, 42, 43, 44, 45, 46, 47, 48, 49, 50, 51, 53, 55, 56, 57, 60, 62, 63, 67, 68, 70, 71, 73, 76, 80, 81, 83, 84, 85, 86, 87, 88, 89, 91, 92, 93, 94, 95, 96, 97, 98, 100, 103, 104, 105, 106, 108, 109, 110, 111, 114, 115, 116, 117, 118, 122, 123, 124, 126, 130, 131, 132, 133, 134, 137, 138, 139, 140, 142, 143, 144, 145, 148, 149, 150, 152, 153, 154, 159
147: 1, 3, 4, 5, 6, 7, 8, 10, 11, 12, 14, 16, 17, 19, 20, 21, 22, 24, 25, 26, 28, 29, 30, 31, 33, 34, 35, 36, 37, 39, 40, 41, 46, 48, 49, 54, 55, 56, 57, 58, 60, 61, 62, 64, 66, 67, 68, 69, 70, 71, 72, 73, 77, 78, 79, 80, 83, 85, 86, 87, 90, 91, 93, 94, 95, 101, 102, 104, 105, 107, 108, 109, 111, 113, 114, 115, 116, 118, 119, 121, 123, 126, 127, 129, 132, 134, 135, 136, 137, 138, 140, 141, 144, 145, 148, 149, 151, 153, 154, 155, 156, 157, 158, 159
148: 0, 1, 2, 3, 4, 5, 6, 7, 9, 10, 11, 12, 13, 14, 16, 17, 18, 19, 20, 21, 22, 24, 25, 26, 27, 28, 30, 31, 32, 33, 36, 37, 39, 40, 42, 43, 44, 45, 46, 47, 48, 49, 51, 53, 54, 55, 56, 57, 58, 59, 60, 61, 62, 63, 64, 66, 67, 68, 70, 71, 72, 73, 76, 77, 78, 79, 81, 83, 84, 85, 86, 87, 89, 90, 91, 92, 93, 94, 95, 96, 97, 98, 99, 100, 101, 102, 103, 104, 105, 106, 107, 108, 109, 110, 111, 112, 113, 114, 115, 116, 117, 118, 119, 120, 121, 122, 123, 124, 125, 126, 127, 128, 129, 130, 131, 132, 133, 134, 136, 137, 138, 139, 140, 142, 143, 144, 145, 146, 147, 149, 151, 152, 153, 154, 155, 156, 157, 159
149: 1, 2, 3, 4, 5, 6, 7, 8, 9, 10, 11, 12, 13, 14, 16, 17, 18, 19, 20, 21, 22, 24, 25, 26, 27, 28, 29, 30, 31, 32, 33, 34, 35, 36, 37, 39, 40, 41, 42, 43, 44, 45, 46, 47, 48, 49, 50, 51, 52, 53, 54, 55, 56, 57, 58, 59, 60, 61, 62, 63, 64, 66, 67, 68, 69, 70, 71, 72, 73, 76, 78, 79, 80, 81, 82, 83, 84, 85, 86, 87, 89, 90, 91, 92, 93, 94, 95, 96, 98, 99, 100, 101, 102, 103, 104, 105, 106, 107, 108, 109, 110, 111, 112, 113, 114, 115, 116, 117, 118, 119, 120, 121, 122, 123, 124, 125, 126, 127, 128, 129, 130, 131, 132, 133, 134, 136, 137, 138, 139, 140, 141, 142, 143, 144, 145, 146, 147, 148, 150, 151, 153, 154, 155, 156, 157, 159
150: 1, 3, 4, 5, 6, 7, 8, 9, 10, 11, 12, 13, 14, 15, 16, 17, 18, 19, 20, 21, 22, 23, 24, 25, 26, 27, 30, 31, 32, 33, 34, 35, 36, 37, 40, 41, 42, 43, 48, 49, 51, 53, 55, 56, 57, 63, 67, 69, 71, 76, 80, 84, 87, 88, 89, 92, 93, 94, 95, 96, 97, 100, 104, 105, 106, 107, 108, 109, 110, 111, 113, 114, 115, 118, 119, 121, 123, 124, 131, 132, 133, 134, 136, 137, 140, 142, 143, 144, 145, 146, 149, 151, 153, 154, 157, 158, 159
151: 1, 3, 5, 6, 7, 8, 10, 11, 12, 14, 15, 16, 17, 18, 19, 20, 21, 22, 23, 24, 25, 26, 28, 29, 33, 35, 37, 39, 40, 46, 48, 49, 53, 54, 55, 56, 57, 58, 61, 62, 63, 66, 67, 68, 69, 70, 71, 75, 78, 79, 83, 84, 85, 86, 87, 90, 91, 93, 94, 95, 97, 101, 102, 108, 109, 110, 111, 115, 116, 118, 119, 120, 123, 124, 126, 127, 129, 132, 133, 134, 136, 137, 138, 141, 144, 145, 147, 148, 149, 150, 153, 154, 155, 157, 159
152: 0, 2, 18, 22, 25, 27, 32, 38, 42, 44, 45, 47, 50, 51, 53, 55, 58, 59, 60, 62, 63, 65, 68, 73, 75, 76, 81, 84, 85, 96, 97, 98, 100, 102, 105, 106, 109, 112, 113, 116, 117, 120, 124, 125, 126, 130, 131, 133, 134, 138, 140, 142, 143, 146, 148
153: 1, 3, 4, 5, 6, 7, 8, 9, 10, 11, 12, 13, 14, 16, 17, 18, 19, 20, 21, 22, 24, 25, 26, 27, 28, 29, 30, 31, 32, 33, 34, 35, 36, 37, 39, 40, 41, 42, 43, 44, 45, 46, 47, 48, 49, 53, 54, 55, 56, 57, 58, 60, 61, 62, 63, 64, 67, 68, 69, 70, 71, 72, 73, 76, 78, 79, 80, 81, 83, 85, 86, 87, 90, 91, 92, 93, 94, 95, 96, 100, 101, 104, 105, 106, 107, 108, 109, 110, 111, 112, 113, 114, 115, 116, 118, 119, 121, 122, 123, 124, 126, 127, 128, 129, 131, 132, 133, 134, 137, 138, 139, 140, 141, 144, 145, 146, 147, 148, 149, 150, 151, 154, 155, 157, 158, 159
154: 1, 2, 3, 4, 5, 7, 8, 9, 10, 11, 12, 13, 14, 16, 17, 20, 21, 22, 23, 24, 25, 26, 27, 28, 29, 30, 31, 32, 33, 34, 35, 36, 37, 39, 40, 41, 42, 43, 45, 47, 48, 49, 51, 53, 56, 57, 60, 63, 66, 67, 68, 69, 70, 71, 72, 74, 75, 76, 77, 80, 85, 86, 87, 88, 89, 90, 91, 92, 93, 94, 95, 96, 97, 99, 100, 103, 104, 105, 106, 107, 108, 110, 111, 113, 115, 116, 118, 119, 120, 121, 123, 124, 131, 132, 133, 134, 136, 137, 138, 139, 140, 141, 142, 143, 144, 145, 146, 147, 148, 149, 150, 151, 153, 155, 157, 158, 159
155: 0, 1, 2, 3, 5, 7, 9, 10, 12, 13, 14, 16, 17, 18, 19, 20, 21, 24, 26, 28, 30, 32, 36, 37, 39, 40, 43, 44, 45, 46, 47, 48, 49, 50, 51, 52, 53, 54, 55, 56, 57, 58, 59, 60, 61, 62, 64, 65, 66, 67, 68, 70, 71, 72, 73, 75, 77, 78, 79, 81, 82, 83, 84, 85, 86, 87, 89, 90, 91, 92, 93, 94, 95, 96, 99, 100, 101, 102, 104, 106, 108, 109, 111, 112, 114, 115, 116, 117, 118, 119, 120, 122, 123, 124, 125, 126, 127, 128, 129, 131, 132, 134, 136, 137, 138, 139, 141, 144, 145, 147, 148, 149, 151, 153, 154, 156, 157, 159
156: 1, 3, 6, 7, 8, 11, 12, 14, 16, 17, 21, 24, 28, 33, 35, 37, 39, 48, 54, 55, 56, 57, 58, 59, 60, 61, 62, 64, 67, 68, 71, 73, 78, 79, 81, 85, 86, 87, 90, 93, 94, 95, 96, 101, 102, 109, 111, 112, 114, 116, 118, 119, 122, 123, 125, 126, 127, 128, 129, 132, 134, 137, 138, 144, 145, 147, 148, 149, 155, 157, 159
157: 1, 3, 4, 5, 6, 7, 8, 9, 10, 11, 12, 13, 14, 16, 17, 18, 19, 20, 21, 22, 23, 24, 25, 26, 27, 28, 29, 30, 31, 32, 33, 34, 35, 36, 37, 39, 40, 41, 43, 46, 48, 49, 51, 53, 54, 55, 56, 57, 58, 60, 61, 62, 64, 66, 67, 68, 69, 70, 71, 72, 73, 76, 77, 78, 79, 80, 81, 83, 84, 85, 86, 87, 88, 89, 90, 91, 92, 93, 94, 95, 99, 101, 102, 103, 104, 105, 107, 108, 109, 110, 111, 113, 114, 115, 116, 118, 119, 121, 122, 123, 124, 126, 127, 129, 132, 134, 136, 137, 138, 140, 141, 142, 143, 144, 145, 147, 148, 149, 150, 151, 153, 154, 155, 156, 158, 159
158: 4, 5, 6, 8, 9, 10, 11, 13, 16, 21, 22, 23, 25, 27, 28, 29, 30, 31, 33, 34, 35, 36, 41, 49, 51, 56, 66, 67, 69, 74, 76, 77, 80, 88, 89, 90, 91, 92, 94, 97, 99, 102, 104, 105, 107, 110, 111, 113, 115, 119, 121, 123, 124, 132, 134, 135, 136, 140, 141, 142, 143, 147, 150, 153, 154, 157, 159
159: 1, 2, 3, 4, 5, 6, 7, 8, 9, 10, 11, 12, 13, 14, 16, 17, 18, 19, 20, 21, 22, 24, 25, 26, 27, 28, 29, 30, 31, 32, 33, 34, 35, 36, 37, 39, 40, 41, 42, 43, 44, 45, 46, 47, 48, 49, 51, 52, 53, 54, 55, 56, 57, 58, 59, 60, 61, 62, 63, 64, 67, 68, 69, 70, 71, 72, 73, 76, 78, 79, 80, 81, 83, 84, 85, 86, 87, 90, 91, 92, 93, 94, 95, 96, 100, 101, 102, 103, 104, 105, 106, 107, 108, 109, 110, 111, 112, 114, 115, 116, 118, 119, 120, 122, 123, 124, 125, 126, 127, 128, 129, 131, 132, 133, 134, 136, 137, 138, 139, 140, 141, 144, 145, 146, 147, 148, 149, 150, 151, 153, 154, 155, 156, 157, 158
edgeCount: 17968
