0: 0, 2, 14, 15, 22, 23, 25, 30, 31, 32, 38, 42, 44, 45, 47, 49, 50, 51, 52, 54, 55, 60, 63, 66, 67, 69, 73, 74, 75, 77, 79, 81, 82, 88, 96, 97, 98, 99, 103, 104, 105, 106, 107, 110, 115, 117, 119, 120, 122, 126, 127, 129, 130, 131, 132, 136, 139, 140, 143, 146, 152, 154, 156, 158
1: 1, 3, 4, 5, 6, 7, 9, 10, 12, 13, 14, 16, 17, 18, 19, 20, 21, 22, 24, 26, 27, 28, 30, 31, 32, 36, 37, 39, 40, 41, 42, 43, 44, 45, 46, 47, 48, 49, 53, 54, 55, 56, 57, 60, 61, 62, 63, 64, 67, 68, 69, 70, 71, 72, 73, 78, 79, 81, 83, 85, 86, 87, 91, 92, 93, 94, 95, 98, 101, 104, 105, 106, 108, 110, 112, 114, 115, 116, 118, 119, 122, 123, 124, 126, 127, 128, 129, 132, 134, 137, 138, 139, 140, 144, 145, 146, 147, 148, 149, 153, 154, 155, 157, 159
2: 0, 2, 4, 9, 14, 15, 22, 23, 25, 27, 30, 31, 32, 36, 38, 42, 44, 45, 47, 49, 51, 52, 54, 55, 58, 59, 60, 62, 63, 65, 66, 67, 68, 69, 73, 75, 76, 77, 79, 81, 82, 85, 88, 92, 94, 96, 97, 98, 99, 102, 103, 104, 105, 106, 107, 109, 110, 115, 116, 117, 120, 121, 122, 124, 126, 127, 130, 131, 132, 133, 134, 136, 138, 140, 142, 143, 146, 148, 150, 152, 154, 156, 158
3: 1, 3, 4, 5, 6, 7, 10, 11, 12, 13, 14, 16, 17, 18, 19, 20, 21, 22, 24, 26, 27, 28, 29, 30, 31, 32, 34, 35, 36, 37, 39, 40, 41, 42, 43, 46, 48, 49, 54, 55, 56, 57, 61, 62, 63, 64, 67, 68, 70, 71, 72, 73, 78, 79, 81, 83, 85, 86, 87, 91, 92, 93, 94, 95, 101, 104, 105, 106, 107, 108, 110, 111, 112, 113, 114, 115, 116, 118, 119, 121, 122, 123, 124, 126, 127, 128, 129, 132, 134, 137, 138, 139, 140, 144, 145, 147, 148, 149, 153, 157, 159
4: 1, 2, 3, 4, 5, 6, 7, 8, 9, 11, 12, 13, 14, 16, 17, 21, 22, 23, 26, 27, 28, 30, 31, 32, 34, 36, 37, 38, 40, 41, 42, 43, 47, 48, 49, 51, 53, 56, 57, 60, 63, 64, 66, 67, 68, 69, 70, 71, 74, 76, 77, 79, 80, 85, 87, 88, 89, 90, 91, 92, 93, 94, 95, 96, 97, 99, 103, 104, 105, 106, 107, 110, 113, 114, 115, 116, 118, 119, 121, 122, 124, 129, 131, 132, 133, 134, 136, 137, 139, 140, 142, 143, 144, 145, 146, 147, 148, 149, 150, 154, 157, 158, 159
5: 1, 3, 4, 5, 7, 8, 10, 11, 12, 13, 14, 15, 16, 17, 18, 19, 20, 21, 23, 24, 25, 26, 28, 29, 30, 31, 32, 35, 36, 37, 38, 39, 40, 41, 42, 43, 46, 48, 55, 56, 57, 60, 61, 63, 64, 66, 67, 68, 69, 70, 71, 72, 73, 76, 77, 78, 79, 80, 81, 83, 85, 86, 87, 88, 89, 91, 92, 93, 94, 95, 99, 101, 103, 104, 106, 108, 109, 110, 112, 115, 116, 118, 122, 123, 124, 126, 128, 129, 132, 133, 134, 136, 137, 138, 139, 144, 145, 146, 147, 148, 149, 151, 153, 154, 157, 159
6: 1, 3, 4, 6, 7, 8, 10, 11, 12, 14, 16, 17, 21, 22, 25, 26, 27, 28, 29, 30, 31, 33, 34, 35, 37, 40, 48, 49, 55, 56, 57, 64, 67, 68, 69, 74, 79, 85, 87, 90, 91, 92, 93, 94, 95, 97, 101, 102, 104, 105, 107, 109, 113, 114, 116, 118, 119, 121, 123, 124, 127, 131, 132, 134, 137, 140, 141, 144, 145, 147, 148, 149, 150, 153, 156, 157, 158, 159
7: 1, 3, 4, 5, 6, 7, 9, 10, 12, 13, 14, 16, 17, 18, 19, 20, 21, 22, 24, 26, 27, 28, 30, 31, 32, 34, 35, 36, 37, 39, 40, 41, 42, 43, 44, 46, 48, 49, 53, 54, 55, 56, 57, 58, 60, 61, 62, 63, 64, 67, 68, 70, 71, 72, 73, 78, 79, 81, 83, 85, 86, 87, 91, 92, 93, 94, 95, 101, 104, 105, 106, 107, 108, 110, 111, 112, 113, 114, 115, 116, 118, 119, 121, 122, 123, 124, 126, 127, 128, 129, 132, 134, 137, 138, 139, 140, 144, 145, 147, 148, 149, 153, 157, 159
8: 4, 5, 6, 8, 10, 11, 12, 16, 17, 19, 20, 21, 22, 23, 28, 29, 30, 31, 33, 34, 35, 36, 37, 41, 55, 56, 57, 67, 69, 70, 74, 77, 79, 80, 87, 88, 90, 91, 94, 95, 102, 105, 107, 108, 111, 119, 121, 123, 132, 134, 135, 137, 141, 147, 150, 153, 154, 156, 157, 158, 159
9: 1, 2, 4, 7, 9, 12, 13, 14, 16, 17, 21, 22, 27, 30, 31, 34, 36, 37, 41, 43, 48, 49, 51, 56, 57, 67, 69, 72, 78, 82, 83, 87, 89, 92, 93, 94, 95, 96, 97, 104, 105, 107, 108, 110, 111, 114, 115, 119, 121, 124, 131, 132, 137, 140, 143, 144, 146, 147, 150, 154, 157, 158, 159
10: 1, 3, 5, 6, 7, 8, 10, 11, 12, 13, 16, 17, 18, 19, 20, 21, 24, 26, 27, 28, 29, 30, 34, 35, 37, 39, 40, 41, 42, 43, 46, 48, 49, 54, 55, 56, 57, 61, 62, 63, 64, 67, 68, 70, 71, 72, 80, 83, 85, 86, 87, 91, 92, 93, 94, 95, 101, 104, 106, 108, 110, 111, 114, 115, 116, 118, 119, 123, 124, 126, 127, 128, 129, 132, 134, 137, 141, 144, 145, 146, 147, 148, 149, 150, 153, 159
11: 3, 4, 5, 6, 8, 10, 11, 12, 16, 17, 19, 21, 23, 28, 29, 30, 31, 33, 34, 35, 36, 37, 41, 55, 56, 57, 67, 69, 70, 71, 79, 80, 87, 88, 90, 91, 94, 108, 111, 119, 123, 132, 134, 135, 137, 141, 147, 150, 153, 154, 157, 158, 159
12: 1, 3, 4, 5, 6, 7, 8, 9, 10, 11, 12, 13, 14, 16, 17, 18, 19, 20, 21, 22, 24, 26, 27, 28, 29, 30, 31, 32, 33, 34, 35, 36, 37, 39, 40, 41, 42, 43, 44, 46, 47, 48, 49, 53, 54, 55, 56, 57, 60, 61, 62, 63, 64, 67, 68, 69, 70, 71, 72, 73, 78, 79, 81, 83, 85, 86, 87, 90, 91, 92, 93, 94, 95, 96, 98, 101, 103, 104, 105, 106, 107, 108, 110, 111, 112, 114, 115, 116, 118, 119, 121, 122, 123, 124, 126, 127, 128, 129, 130, 132, 134, 137, 138, 139, 140, 144, 145, 146, 147, 148, 149, 151, 153, 154, 157, 158, 159
13: 1, 3, 4, 5, 7, 9, 10, 12, 13, 15, 16, 17, 18, 19, 20, 21, 22, 24, 25, 26, 27, 28, 30, 31, 32, 34, 35, 36, 37, 38, 39, 40, 41, 42, 43, 44, 45, 46, 47, 48, 49, 53, 56, 57, 62, 63, 64, 66, 67, 68, 69, 71, 72, 74, 76, 79, 80, 82, 85, 86, 87, 91, 92, 93, 94, 95, 96, 98, 99, 100, 101, 103, 104, 105, 106, 107, 108, 110, 112, 113, 114, 115, 116, 117, 118, 119, 121, 122, 123, 124, 126, 127, 128, 129, 130, 131, 132, 134, 136, 137, 138, 139, 140, 143, 144, 145, 146, 147, 148, 149, 150, 153, 154, 157, 158, 159
14: 0, 1, 2, 3, 4, 5, 6, 7, 9, 12, 14, 16, 17, 18, 21, 22, 24, 25, 26, 27, 28, 30, 31, 32, 33, 37, 39, 40, 44, 48, 49, 51, 53, 54, 55, 56, 57, 58, 59, 60, 61, 62, 64, 66, 67, 68, 71, 73, 75, 77, 78, 79, 81, 85, 86, 87, 88, 91, 92, 93, 94, 95, 96, 97, 99, 101, 102, 103, 104, 105, 106, 107, 109, 110, 112, 114, 115, 116, 117, 118, 119, 122, 123, 124, 126, 127, 129, 131, 132, 134, 136, 137, 138, 140, 142, 143, 144, 145, 146, 147, 148, 149, 150, 151, 152, 154, 155, 156, 157, 159
15: 0, 2, 5, 13, 15, 18, 23, 24, 25, 29, 30, 31, 32, 35, 36, 38, 42, 43, 44, 45, 46, 49, 55, 63, 66, 69, 70, 71, 74, 75, 77, 79, 82, 83, 88, 89, 96, 97, 98, 99, 106, 109, 110, 115, 117, 119, 121, 124, 131, 133, 134, 146, 150, 151, 152, 158
16: 1, 3, 4, 5, 6, 7, 8, 9, 10, 11, 12, 13, 14, 16, 17, 21, 22, 23, 26, 28, 29, 30, 31, 33, 35, 36, 37, 40, 41, 43, 48, 49, 54, 55, 56, 57, 60, 64, 66, 67, 68, 69, 70, 71, 74, 77, 79, 80, 85, 86, 87, 88, 90, 91, 92, 93, 94, 95, 96, 99, 101, 102, 103, 104, 105, 107, 110, 113, 115, 116, 118, 119, 123, 124, 127, 129, 132, 134, 136, 137, 140, 141, 142, 144, 145, 147, 148, 149, 150, 151, 153, 154, 157, 158, 159
17: 1, 3, 4, 5, 6, 7, 8, 9, 10, 11, 12, 13, 14, 16, 17, 18, 19, 20, 21, 22, 24, 26, 27, 28, 29, 30, 31, 32, 33, 34, 35, 36, 37, 39, 40, 41, 42, 43, 44, 46, 47, 48, 49, 53, 54, 55, 56, 57, 58, 60, 61, 62, 63, 64, 67, 68, 69, 70, 71, 72, 73, 78, 79, 81, 83, 85, 86, 87, 90, 91, 92, 93, 94, 95, 96, 98, 101, 103, 104, 105, 106, 107, 108, 110, 112, 114, 115, 116, 118, 119, 121, 122, 123, 124, 126, 127, 128, 129, 130, 131, 132, 134, 137, 138, 139, 140, 143, 144, 145, 146, 147, 148, 149, 151, 153, 154, 157, 158, 159
18: 1, 3, 5, 7, 10, 12, 13, 14, 15, 17, 18, 19, 20, 21, 23, 24, 25, 26, 32, 37, 39, 40, 42, 43, 44, 45, 46, 48, 49, 53, 54, 55, 56, 57, 58, 60, 61, 62, 63, 64, 67, 68, 70, 71, 73, 78, 81, 83, 85, 86, 87, 88, 91, 92, 93, 95, 97, 98, 101, 104, 106, 108, 109, 110, 112, 115, 116, 117, 118, 122, 123, 124, 125, 126, 127, 128, 129, 130, 132, 133, 134, 137, 138, 144, 145, 146, 148, 149, 151, 153, 159
19: 1, 3, 5, 7, 8, 10, 11, 12, 13, 17, 18, 19, 20, 21, 24, 26, 29, 34, 35, 37, 40, 41, 43, 46, 48, 56, 57, 64, 67, 72, 78, 83, 87, 91, 92, 93, 95, 101, 104, 108, 111, 114, 118, 123, 129, 132, 137, 141, 144, 145, 149, 153, 159
20: 1, 3, 5, 7, 8, 10, 12, 13, 17, 18, 19, 20, 21, 26, 29, 34, 35, 37, 40, 41, 46, 48, 56, 57, 64, 67, 72, 78, 83, 87, 91, 93, 95, 100, 101, 108, 111, 114, 118, 123, 132, 137, 141, 144, 145, 149, 153, 159
21: 1, 3, 4, 5, 6, 7, 8, 9, 10, 11, 12, 13, 14, 16, 17, 18, 19, 20, 21, 22, 24, 26, 27, 28, 29, 30, 31, 32, 33, 35, 36, 37, 39, 40, 41, 42, 43, 44, 46, 47, 48, 49, 53, 54, 55, 56, 57, 58, 60, 61, 62, 63, 64, 67, 68, 69, 70, 71, 72, 73, 74, 78, 79, 81, 83, 85, 86, 87, 90, 91, 92, 93, 94, 95, 96, 99, 101, 104, 105, 106, 107, 108, 110, 111, 112, 114, 115, 116, 118, 119, 121, 122, 123, 124, 126, 127, 128, 129, 131, 132, 134, 137, 138, 139, 140, 144, 145, 147, 148, 149, 151, 153, 154, 155, 156, 157, 158, 159
22: 0, 1, 2, 3, 4, 6, 7, 8, 9, 12, 13, 14, 16, 17, 21, 22, 23, 25, 27, 28, 30, 31, 32, 33, 34, 36, 37, 40, 41, 42, 43, 48, 49, 51, 54, 55, 56, 57, 67, 68, 69, 74, 75, 76, 77, 79, 80, 85, 87, 88, 90, 91, 92, 93, 94, 95, 96, 97, 99, 102, 103, 104, 105, 106, 107, 110, 113, 115, 116, 118, 119, 121, 123, 124, 127, 131, 132, 133, 134, 136, 137, 140, 142, 143, 144, 145, 146, 147, 148, 149, 150, 152, 154, 157, 158, 159
23: 0, 2, 4, 5, 8, 11, 15, 16, 18, 22, 23, 25, 28, 29, 30, 31, 32, 36, 38, 42, 46, 55, 63, 65, 66, 69, 70, 71, 74, 75, 76, 77, 80, 88, 89, 90, 96, 97, 99, 103, 107, 109, 110, 115, 117, 119, 131, 133, 134, 135, 136, 142, 146, 147, 150, 151, 152, 154, 157, 158
24: 1, 3, 5, 7, 10, 12, 13, 14, 15, 17, 18, 19, 21, 24, 25, 26, 27, 30, 32, 34, 37, 39, 40, 41, 42, 43, 44, 46, 48, 49, 53, 54, 55, 56, 57, 58, 60, 61, 62, 63, 64, 67, 68, 70, 71, 72, 73, 78, 79, 81, 83, 85, 86, 87, 88, 91, 92, 93, 94, 95, 96, 97, 98, 101, 104, 106, 108, 109, 110, 112, 114, 115, 116, 118, 119, 122, 123, 124, 126, 127, 128, 129, 131, 132, 133, 134, 137, 138, 139, 144, 145, 146, 148, 149, 150, 151, 153, 159
25: 0, 2, 5, 6, 13, 14, 15, 18, 22, 23, 24, 25, 27, 28, 29, 31, 32, 34, 35, 36, 42, 49, 51, 55, 63, 66, 68, 69, 74, 75, 76, 77, 85, 88, 89, 92, 94, 96, 97, 99, 100, 105, 106, 107, 109, 110, 113, 115, 116, 117, 119, 121, 124, 131, 132, 133, 134, 136, 138, 140, 142, 143, 144, 146, 148, 150, 151, 152, 154, 158
26: 1, 3, 4, 5, 6, 7, 10, 12, 13, 14, 16, 17, 18, 19, 20, 21, 24, 26, 27, 28, 30, 31, 32, 35, 36, 37, 39, 40, 41, 42, 43, 45, 46, 47, 48, 49, 53, 54, 56, 57, 60, 61, 62, 63, 64, 67, 68, 69, 70, 71, 72, 78, 79, 81, 85, 86, 87, 90, 91, 92, 93, 94, 95, 101, 104, 106, 108, 110, 112, 114, 115, 116, 118, 119, 122, 123, 124, 126, 127, 128, 129, 132, 134, 137, 138, 139, 144, 145, 147, 148, 149, 153, 154, 157, 159
27: 1, 2, 3, 4, 6, 7, 9, 10, 12, 13, 14, 17, 21, 22, 24, 25, 26, 27, 30, 31, 32, 34, 36, 37, 39, 40, 41, 42, 43, 44, 48, 49, 51, 53, 56, 57, 63, 67, 68, 69, 76, 85, 86, 87, 91, 92, 93, 94, 95, 96, 97, 98, 103, 104, 105, 106, 107, 110, 113, 115, 118, 119, 121, 124, 131, 132, 134, 137, 139, 140, 143, 144, 145, 146, 148, 149, 150, 153, 154, 157, 158, 159
28: 1, 3, 4, 5, 6, 7, 8, 10, 11, 12, 13, 14, 16, 17, 21, 22, 23, 25, 26, 28, 29, 30, 31, 33, 35, 36, 37, 40, 43, 48, 49, 56, 57, 60, 64, 66, 67, 69, 70, 74, 77, 79, 85, 86, 87, 90, 91, 92, 93, 94, 95, 99, 101, 102, 103, 104, 105, 107, 113, 116, 118, 119, 121, 123, 124, 127, 129, 132, 134, 136, 137, 140, 141, 144, 145, 147, 148, 149, 151, 154, 157, 158, 159
29: 3, 5, 6, 8, 10, 11, 12, 15, 16, 17, 19, 20, 21, 23, 25, 28, 29, 31, 33, 34, 35, 36, 37, 41, 56, 57, 66, 67, 69, 70, 74, 77, 80, 87, 90, 91, 93, 94, 95, 101, 107, 108, 118, 119, 121, 123, 132, 134, 135, 141, 144, 147, 153, 157, 158, 159
30: 0, 1, 2, 3, 4, 5, 6, 7, 8, 9, 10, 11, 12, 13, 14, 15, 16, 17, 21, 22, 23, 24, 26, 27, 28, 30, 31, 32, 34, 35, 36, 37, 39, 40, 41, 42, 43, 44, 45, 46, 47, 48, 49, 51, 53, 54, 55, 56, 57, 63, 64, 66, 67, 68, 69, 71, 72, 73, 74, 75, 76, 77, 79, 80, 82, 85, 86, 87, 88, 89, 90, 91, 92, 93, 94, 95, 96, 97, 98, 99, 101, 103, 104, 105, 106, 107, 108, 110, 113, 114, 115, 116, 117, 118, 119, 121, 122, 123, 124, 126, 127, 129, 130, 131, 132, 133, 134, 136, 137, 139, 140, 142, 143, 144, 145, 146, 147, 148, 149, 150, 153, 154, 157, 158, 159
31: 0, 1, 2, 3, 4, 5, 6, 7, 8, 9, 11, 12, 13, 14, 15, 16, 17, 21, 22, 23, 25, 26, 27, 28, 29, 30, 31, 32, 33, 34, 36, 37, 38, 41, 42, 43, 48, 49, 51, 56, 57, 66, 67, 69, 74, 75, 76, 77, 79, 80, 87, 88, 89, 90, 91, 92, 93, 94, 95, 96, 97, 99, 103, 104, 105, 107, 110, 113, 115, 118, 119, 121, 124, 131, 132, 134, 135, 136, 137, 140, 142, 143, 144, 146, 147, 150, 154, 157, 158, 159
32: 0, 1, 2, 3, 4, 5, 7, 12, 13, 14, 15, 17, 18, 21, 22, 23, 24, 25, 26, 27, 30, 31, 32, 34, 36, 37, 38, 39, 40, 41, 42, 43, 44, 45, 46, 47, 48, 49, 50, 51, 52, 53, 54, 55, 56, 57, 58, 60, 61, 62, 63, 64, 66, 67, 68, 69, 70, 71, 73, 75, 76, 77, 78, 79, 81, 82, 85, 86, 87, 88, 89, 91, 92, 93, 95, 96, 98, 99, 100, 101, 103, 104, 105, 106, 110, 112, 115, 116, 117, 118, 119, 120, 121, 122, 124, 126, 127, 128, 129, 130, 131, 132, 134, 136, 137, 138, 139, 140, 142, 143, 144, 145, 146, 148, 149, 150, 152, 153, 154, 158
33: 6, 8, 11, 12, 14, 16, 17, 21, 22, 28, 29, 31, 33, 35, 37, 40, 48, 56, 67, 68, 69, 76, 87, 90, 91, 94, 95, 102, 105, 107, 113, 119, 121, 123, 127, 132, 134, 137, 140, 142, 144, 145, 147, 157, 158, 159
34: 3, 4, 6, 7, 8, 9, 10, 11, 12, 13, 17, 19, 20, 22, 24, 25, 27, 29, 30, 31, 32, 34, 35, 36, 37, 40, 41, 42, 43, 48, 49, 51, 55, 56, 57, 63, 67, 69, 76, 80, 87, 88, 92, 93, 94, 95, 96, 97, 104, 105, 107, 108, 110, 111, 113, 115, 118, 119, 121, 123, 124, 132, 134, 135, 137, 140, 143, 144, 145, 146, 149, 150, 153, 158, 159
35: 3, 5, 6, 7, 8, 10, 11, 12, 13, 15, 16, 17, 19, 20, 21, 25, 26, 28, 29, 30, 33, 34, 35, 37, 40, 41, 43, 46, 48, 55, 56, 57, 64, 67, 69, 74, 79, 80, 87, 90, 91, 93, 94, 95, 101, 107, 108, 111, 115, 118, 119, 121, 123, 132, 134, 137, 141, 144, 145, 147, 149, 150, 151, 153, 156, 157, 158, 159
36: 1, 2, 3, 4, 5, 7, 8, 9, 11, 12, 13, 15, 16, 17, 21, 22, 23, 25, 26, 27, 28, 29, 30, 31, 32, 34, 36, 37, 38, 40, 41, 42, 43, 44, 45, 46, 47, 48, 49, 53, 56, 57, 60, 63, 64, 66, 67, 68, 69, 70, 72, 74, 76, 77, 80, 82, 85, 86, 87, 88, 89, 90, 91, 92, 93, 94, 95, 96, 98, 99, 103, 104, 105, 106, 107, 110, 113, 114, 115, 116, 117, 118, 119, 121, 124, 129, 131, 132, 134, 136, 137, 138, 139, 140, 143, 144, 145, 146, 147, 148, 149, 153, 154, 157, 158, 159
37: 1, 3, 4, 5, 6, 7, 8, 9, 10, 11, 12, 13, 14, 16, 17, 18, 19, 20, 21, 22, 24, 26, 27, 28, 29, 30, 31, 32, 33, 34, 35, 36, 37, 39, 40, 41, 42, 43, 44, 45, 46, 47, 48, 49, 53, 54, 55, 56, 57, 60, 61, 62, 63, 64, 67, 68, 69, 70, 71, 72, 73, 78, 79, 81, 83, 85, 86, 87, 90, 91, 92, 93, 94, 95, 101, 103, 104, 105, 106, 107, 108, 110, 111, 112, 114, 115, 116, 118, 119, 121, 122, 123, 124, 126, 127, 128, 129, 130, 132, 134, 137, 138, 139, 140, 144, 145, 146, 147, 148, 149, 153, 154, 155, 156, 157, 158, 159
38: 0, 2, 4, 5, 13, 15, 23, 31, 32, 36, 38, 42, 44, 45, 46, 47, 50, 53, 60, 63, 65, 66, 70, 73, 74, 75, 77, 82, 88, 91, 96, 98, 99, 103, 106, 112, 116, 117, 122, 126, 128, 130, 131, 136, 138, 139, 143, 146, 152
39: 1, 3, 5, 7, 10, 12, 13, 14, 17, 18, 21, 24, 26, 27, 30, 32, 37, 39, 40, 42, 44, 46, 47, 48, 49, 51, 53, 54, 55, 56, 57, 58, 59, 60, 61, 62, 63, 64, 67, 68, 70, 71, 72, 73, 78, 79, 81, 85, 86, 87, 92, 93, 94, 95, 96, 98, 101, 102, 104, 106, 110, 112, 115, 116, 118, 119, 122, 123, 124, 126, 127, 128, 129, 130, 131, 132, 134, 137, 138, 139, 143, 144, 145, 146, 148, 149, 153, 155, 156, 159
40: 1, 3, 4, 5, 6, 7, 10, 12, 13, 14, 16, 17, 18, 19, 20, 21, 22, 24, 26, 27, 28, 30, 32, 33, 34, 35, 36, 37, 39, 40, 41, 42, 43, 46, 48, 49, 54, 56, 57, 58, 61, 62, 63, 64, 67, 68, 71, 72, 78, 81, 85, 86, 87, 90, 91, 92, 93, 94, 95, 101, 104, 105, 106, 108, 110, 114, 116, 118, 119, 123, 124, 126, 127, 129, 132, 134, 137, 138, 139, 140, 144, 145, 147, 148, 149, 153, 157, 159
41: 1, 3, 4, 5, 7, 8, 9, 10, 11, 12, 13, 16, 17, 19, 20, 21, 22, 24, 26, 27, 29, 30, 31, 32, 34, 35, 36, 37, 40, 41, 42, 43, 44, 46, 47, 48, 49, 53, 56, 57, 63, 64, 67, 69, 71, 72, 76, 80, 86, 87, 88, 91, 92, 93, 94, 95, 96, 101, 103, 104, 105, 106, 107, 108, 110, 111, 115, 118, 119, 123, 124, 130, 132, 134, 135, 137, 139, 140, 144, 145, 146, 147, 149, 150, 153, 154, 157, 158, 159
42: 0, 1, 2, 3, 4, 5, 7, 10, 12, 13, 15, 17, 18, 21, 22, 23, 24, 25, 26, 27, 30, 31, 32, 34, 36, 37, 38, 39, 40, 41, 42, 43, 44, 45, 46, 47, 48, 49, 50, 52, 53, 55, 56, 57, 60, 62, 63, 64, 67, 68, 70, 71, 73, 75, 76, 81, 82, 83, 85, 86, 87, 88, 89, 92, 93, 95, 96, 97, 98, 101, 103, 104, 106, 108, 109, 110, 112, 115, 116, 117, 118, 120, 122, 123, 124, 126, 128, 129, 130, 131, 132, 133, 134, 137, 139, 143, 144, 145, 146, 148, 149, 150, 151, 152, 153, 159
43: 1, 3, 4, 5, 7, 9, 10, 12, 13, 15, 16, 17, 18, 19, 21, 22, 24, 26, 27, 28, 30, 31, 32, 34, 35, 36, 37, 40, 41, 42, 43, 44, 45, 46, 47, 48, 49, 53, 56, 57, 63, 64, 66, 67, 69, 72, 74, 80, 85, 86, 87, 91, 92, 93, 95, 98, 99, 101, 103, 104, 105, 106, 107, 108, 110, 113, 114, 115, 116, 117, 118, 119, 121, 123, 124, 126, 127, 129, 130, 132, 137, 139, 140, 144, 145, 146, 149, 150, 153, 154, 157, 158, 159
44: 0, 1, 2, 7, 12, 13, 14, 15, 17, 18, 21, 24, 27, 30, 32, 36, 37, 38, 39, 41, 42, 43, 44, 45, 46, 47, 48, 49, 50, 51, 52, 53, 54, 55, 57, 58, 60, 61, 62, 63, 64, 66, 68, 70, 71, 73, 75, 77, 78, 79, 81, 82, 85, 86, 87, 88, 92, 93, 95, 96, 97, 98, 101, 103, 104, 106, 110, 112, 115, 116, 117, 118, 120, 122, 124, 125, 126, 127, 128, 129, 130, 131, 133, 134, 136, 137, 138, 139, 143, 144, 145, 146, 148, 152, 156
45: 0, 1, 2, 13, 15, 18, 26, 30, 32, 36, 37, 38, 42, 43, 44, 45, 46, 47, 49, 50, 52, 53, 57, 60, 62, 63, 64, 66, 71, 73, 75, 81, 82, 85, 86, 92, 93, 96, 98, 99, 103, 104, 106, 110, 112, 115, 116, 117, 118, 120, 122, 124, 126, 128, 129, 130, 131, 133, 136, 138, 139, 146, 148, 155
46: 1, 3, 5, 7, 10, 12, 13, 15, 17, 18, 19, 20, 21, 23, 24, 26, 30, 32, 35, 36, 37, 38, 39, 40, 41, 42, 43, 44, 45, 46, 48, 54, 55, 56, 57, 58, 60, 61, 62, 63, 64, 67, 68, 70, 71, 72, 73, 78, 79, 81, 83, 85, 86, 87, 88, 91, 92, 93, 95, 97, 98, 101, 104, 106, 108, 109, 110, 112, 115, 116, 117, 118, 122, 123, 124, 126, 128, 129, 130, 132, 133, 134, 137, 138, 139, 144, 145, 146, 148, 149, 151, 153, 159
47: 0, 1, 2, 4, 12, 13, 17, 21, 26, 30, 32, 36, 37, 38, 39, 41, 42, 43, 44, 45, 47, 48, 49, 50, 51, 52, 53, 54, 57, 60, 61, 62, 63, 64, 66, 73, 75, 77, 79, 81, 82, 85, 86, 87, 92, 93, 95, 96, 98, 99, 101, 103, 104, 106, 110, 112, 115, 116, 117, 118, 120, 122, 124, 126, 128, 129, 130, 131, 136, 139, 143, 144, 145, 146, 148, 155
48: 1, 3, 4, 5, 6, 7, 9, 10, 12, 13, 14, 16, 17, 18, 19, 20, 21, 22, 24, 26, 27, 28, 30, 31, 32, 33, 34, 35, 36, 37, 39, 40, 41, 42, 43, 44, 46, 47, 48, 49, 53, 54, 55, 56, 57, 58, 60, 61, 62, 63, 64, 67, 68, 69, 70, 71, 72, 73, 78, 79, 81, 83, 85, 86, 87, 90, 91, 92, 93, 94, 95, 98, 101, 104, 105, 106, 108, 110, 111, 112, 114, 115, 116, 118, 119, 122, 123, 124, 126, 127, 128, 129, 132, 134, 137, 138, 139, 140, 144, 145, 146, 147, 148, 149, 150, 151, 153, 154, 155, 157, 159
49: 0, 1, 2, 3, 4, 6, 7, 9, 10, 12, 13, 14, 15, 16, 17, 18, 21, 22, 24, 25, 26, 27, 28, 30, 31, 32, 34, 36, 37, 39, 40, 41, 42, 43, 44, 45, 47, 48, 49, 51, 52, 53, 54, 56, 57, 61, 63, 64, 66, 67, 69, 72, 74, 75, 77, 79, 82, 83, 85, 86, 87, 91, 92, 93, 94, 95, 96, 98, 99, 101, 103, 104, 105, 106, 107, 108, 110, 113, 114, 115, 116, 117, 118, 119, 120, 121, 122, 123, 124, 126, 127, 129, 130, 131, 132, 134, 136, 137, 139, 140, 144, 145, 146, 147, 148, 149, 150, 153, 154, 155, 157, 158, 159
50: 0, 32, 38, 42, 44, 45, 47, 50, 52, 53, 60, 63, 65, 73, 75, 86, 96, 98, 103, 106, 112, 117, 120, 122, 126, 128, 130, 131, 136, 139, 146, 152
51: 0, 2, 4, 9, 14, 22, 25, 27, 30, 31, 32, 34, 39, 44, 47, 49, 51, 53, 54, 55, 58, 59, 61, 62, 66, 67, 68, 69, 73, 75, 76, 77, 79, 85, 86, 88, 92, 94, 96, 97, 98, 99, 102, 103, 104, 105, 106, 107, 110, 113, 115, 116, 117, 121, 124, 127, 131, 133, 134, 136, 139, 140, 142, 143, 146, 148, 150, 152, 154
52: 0, 2, 32, 42, 44, 45, 47, 49, 50, 52, 53, 54, 63, 65, 73, 75, 78, 82, 83, 89, 96, 98, 106, 115, 117, 120, 122, 125, 126, 128, 130, 131, 139, 152, 155
53: 1, 4, 7, 12, 13, 14, 17, 18, 21, 24, 26, 27, 30, 32, 36, 37, 38, 39, 41, 42, 43, 44, 45, 47, 48, 49, 50, 51, 52, 53, 54, 57, 60, 61, 62, 63, 64, 66, 68, 71, 73, 75, 77, 78, 79, 82, 85, 86, 87, 92, 93, 95, 96, 98, 99, 101, 103, 104, 106, 110, 112, 115, 116, 117, 118, 120, 122, 124, 126, 127, 128, 129, 130, 131, 133, 134, 136, 137, 138, 139, 142, 143, 144, 145, 146, 148, 149, 151, 154, 155, 159
54: 0, 1, 2, 3, 7, 10, 12, 14, 16, 17, 18, 21, 22, 24, 26, 30, 32, 37, 39, 40, 44, 46, 47, 48, 49, 51, 52, 53, 54, 55, 56, 57, 58, 59, 60, 61, 62, 64, 67, 68, 71, 73, 77, 78, 79, 81, 82, 85, 86, 87, 92, 93, 94, 95, 96, 101, 102, 104, 105, 106, 110, 112, 115, 116, 117, 118, 119, 120, 122, 123, 124, 125, 126, 127, 128, 129, 130, 131, 132, 134, 136, 137, 138, 139, 140, 142, 143, 144, 145, 148, 149, 150, 153, 155, 156, 157, 159
55: 0, 1, 2, 3, 5, 6, 7, 8, 10, 11, 12, 14, 15, 16, 17, 18, 21, 22, 23, 24, 25, 30, 32, 34, 35, 37, 39, 42, 44, 46, 48, 51, 54, 55, 56, 57, 58, 59, 60, 61, 62, 63, 64, 67, 68, 70, 71, 73, 75, 76, 78, 79, 81, 83, 84, 85, 86, 87, 88, 92, 93, 94, 95, 96, 97, 101, 102, 104, 105, 106, 109, 110, 111, 112, 115, 116, 117, 118, 119, 122, 123, 124, 126, 127, 128, 129, 131, 132, 133, 134, 137, 138, 140, 144, 145, 146, 148, 149, 150, 151, 152, 153, 156, 157, 159
56: 1, 3, 4, 5, 6, 7, 8, 9, 10, 11, 12, 13, 14, 16, 17, 18, 19, 20, 21, 22, 24, 26, 27, 28, 29, 30, 31, 32, 33, 34, 35, 36, 37, 39, 40, 41, 42, 43, 46, 48, 49, 54, 55, 56, 57, 60, 62, 63, 64, 67, 68, 69, 70, 71, 72, 73, 76, 79, 80, 85, 86, 87, 90, 91, 92, 93, 94, 95, 96, 101, 103, 104, 105, 106, 107, 108, 110, 112, 114, 115, 116, 118, 119, 122, 123, 124, 126, 127, 128, 129, 132, 134, 137, 138, 139, 140, 144, 145, 146, 147, 148, 149, 150, 153, 154, 156, 157, 158, 159
57: 1, 3, 4, 5, 6, 7, 8, 9, 10, 11, 12, 13, 14, 16, 17, 18, 19, 20, 21, 22, 24, 26, 27, 28, 29, 30, 31, 32, 34, 35, 36, 37, 39, 40, 41, 42, 43, 44, 45, 46, 47, 48, 49, 53, 54, 55, 56, 57, 60, 62, 63, 64, 67, 68, 69, 70, 71, 72, 73, 78, 79, 80, 81, 83, 85, 86, 87, 90, 91, 92, 93, 94, 95, 101, 103, 104, 105, 106, 107, 108, 110, 112, 114, 115, 116, 118, 119, 122, 123, 124, 126, 127, 128, 129, 130, 132, 134, 137, 138, 139, 140, 144, 145, 146, 147, 148, 149, 153, 154, 157, 158, 159
58: 2, 7, 14, 17, 18, 21, 24, 32, 39, 40, 44, 46, 48, 51, 54, 55, 58, 59, 60, 61, 62, 64, 66, 67, 68, 73, 78, 79, 81, 82, 85, 86, 87, 93, 94, 96, 98, 99, 101, 102, 106, 109, 112, 116, 117, 118, 120, 122, 125, 126, 127, 128, 129, 131, 132, 134, 138, 140, 142, 143, 144, 148, 149, 152, 155, 156
59: 2, 14, 39, 51, 54, 55, 58, 59, 62, 68, 73, 94, 96, 102, 109, 112, 116, 125, 126, 127, 128, 131, 140, 142, 148, 152, 156
60: 0, 1, 2, 4, 5, 7, 12, 14, 16, 17, 18, 21, 24, 26, 28, 32, 36, 37, 38, 39, 42, 44, 45, 46, 47, 48, 50, 53, 54, 55, 56, 57, 58, 60, 62, 63, 64, 66, 68, 70, 71, 73, 75, 77, 79, 81, 85, 86, 87, 88, 91, 93, 95, 96, 98, 99, 101, 103, 106, 109, 112, 116, 117, 118, 122, 126, 127, 128, 129, 130, 131, 132, 134, 136, 137, 138, 139, 144, 145, 148, 149, 152, 155, 156, 157
61: 1, 3, 5, 7, 10, 12, 14, 17, 18, 21, 24, 26, 32, 37, 39, 40, 44, 46, 47, 48, 49, 51, 53, 54, 55, 58, 61, 62, 64, 67, 68, 73, 78, 79, 81, 85, 86, 87, 93, 95, 96, 98, 101, 106, 112, 115, 116, 118, 122, 123, 125, 126, 127, 128, 129, 131, 132, 134, 137, 138, 139, 143, 144, 145, 148, 149, 155, 159
62: 1, 2, 3, 7, 10, 12, 13, 14, 17, 18, 21, 24, 26, 32, 37, 39, 40, 42, 44, 45, 46, 47, 48, 51, 53, 54, 55, 56, 57, 58, 59, 60, 61, 62, 63, 64, 67, 68, 70, 71, 72, 73, 78, 79, 81, 83, 85, 86, 87, 92, 93, 94, 95, 96, 98, 101, 103, 104, 106, 110, 112, 114, 116, 117, 118, 122, 123, 124, 125, 126, 127, 128, 129, 130, 131, 132, 134, 137, 138, 139, 143, 144, 145, 148, 149, 153, 155, 156, 159
63: 0, 1, 2, 3, 4, 5, 7, 10, 12, 13, 15, 17, 18, 21, 23, 24, 25, 26, 27, 30, 32, 34, 36, 37, 38, 39, 40, 41, 42, 43, 44, 45, 46, 47, 48, 49, 50, 52, 53, 55, 56, 57, 60, 62, 63, 64, 70, 71, 73, 74, 75, 76, 81, 83, 85, 86, 87, 88, 89, 92, 93, 95, 96, 97, 98, 103, 104, 106, 109, 110, 112, 115, 116, 117, 118, 120, 122, 123, 124, 126, 128, 129, 130, 131, 132, 133, 134, 137, 139, 143, 144, 145, 146, 148, 149, 150, 152, 153, 159
64: 1, 3, 4, 5, 6, 7, 10, 12, 13, 14, 16, 17, 18, 19, 20, 21, 24, 26, 28, 30, 32, 35, 36, 37, 39, 40, 41, 42, 43, 44, 45, 46, 47, 48, 49, 53, 54, 55, 56, 57, 58, 60, 61, 62, 63, 64, 66, 67, 68, 70, 71, 72, 73, 78, 79, 81, 82, 83, 85, 86, 87, 91, 92, 93, 94, 95, 96, 98, 101, 102, 103, 104, 106, 108, 110, 112, 114, 115, 116, 117, 118, 119, 122, 123, 124, 126, 127, 128, 129, 130, 131, 132, 134, 136, 137, 138, 139, 143, 144, 145, 147, 148, 149, 153, 155, 156, 157, 159
65: 2, 23, 38, 50, 52, 65, 66, 75, 77, 82, 88, 89, 96, 99, 103, 117, 125, 131, 136, 152, 155
66: 0, 2, 4, 5, 13, 14, 15, 16, 23, 25, 28, 29, 30, 31, 32, 36, 38, 43, 44, 45, 47, 49, 51, 53, 58, 60, 64, 65, 66, 69, 74, 75, 77, 79, 82, 85, 86, 88, 89, 90, 91, 96, 98, 99, 101, 102, 103, 106, 107, 110, 115, 116, 117, 119, 120, 121, 124, 131, 136, 139, 142, 143, 147, 148, 152, 154, 157, 158
67: 0, 1, 2, 3, 4, 5, 6, 7, 8, 9, 10, 11, 12, 13, 14, 16, 17, 18, 19, 20, 21, 22, 24, 26, 27, 28, 29, 30, 31, 32, 33, 34, 35, 36, 37, 39, 40, 41, 42, 43, 46, 48, 49, 51, 54, 55, 56, 57, 58, 61, 62, 64, 67, 68, 69, 71, 72, 73, 76, 78, 79, 83, 85, 86, 87, 88, 90, 91, 92, 93, 94, 95, 96, 97, 101, 102, 103, 104, 105, 106, 107, 108, 110, 111, 112, 113, 114, 115, 116, 118, 119, 121, 122, 123, 124, 126, 127, 128, 129, 131, 132, 134, 136, 137, 138, 140, 142, 143, 144, 145, 146, 147, 148, 149, 150, 151, 153, 154, 155, 156, 157, 158, 159
68: 1, 2, 3, 4, 5, 6, 7, 10, 12, 13, 14, 16, 17, 18, 21, 22, 24, 25, 26, 27, 30, 32, 33, 36, 37, 39, 40, 42, 44, 46, 48, 51, 53, 54, 55, 56, 57, 58, 59, 60, 61, 62, 64, 67, 68, 70, 71, 73, 76, 78, 79, 81, 85, 86, 87, 91, 92, 93, 94, 95, 96, 99, 101, 102, 103, 104, 105, 106, 109, 110, 112, 114, 115, 116, 118, 119, 122, 124, 126, 127, 128, 129, 131, 132, 133, 134, 137, 138, 139, 140, 142, 143, 144, 145, 146, 148, 149, 152, 155, 157, 159
69: 0, 1, 2, 4, 5, 6, 8, 9, 11, 12, 13, 15, 16, 17, 21, 22, 23, 25, 26, 27, 28, 29, 30, 31, 32, 33, 34, 35, 36, 37, 41, 43, 48, 49, 51, 56, 57, 66, 67, 69, 74, 75, 76, 77, 79, 80, 87, 88, 89, 90, 91, 92, 93, 94, 95, 96, 99, 103, 104, 105, 107, 110, 113, 115, 117, 118, 119, 121, 124, 131, 132, 135, 136, 137, 140, 141, 142, 144, 145, 146, 147, 149, 150, 154, 157, 158, 159
70: 1, 3, 4, 5, 7, 8, 10, 11, 12, 15, 16, 17, 18, 21, 23, 24, 26, 28, 29, 32, 36, 37, 38, 39, 42, 44, 46, 48, 55, 56, 57, 60, 62, 63, 64, 68, 70, 71, 73, 81, 83, 85, 86, 87, 88, 89, 90, 91, 93, 95, 97, 98, 103, 109, 110, 112, 115, 116, 118, 122, 126, 128, 129, 132, 133, 134, 137, 138, 139, 144, 145, 146, 147, 148, 153, 157
71: 1, 3, 4, 5, 7, 10, 11, 12, 13, 14, 15, 16, 17, 18, 21, 23, 24, 26, 30, 32, 37, 39, 40, 41, 42, 44, 45, 46, 48, 53, 54, 55, 56, 57, 60, 62, 63, 64, 67, 68, 70, 71, 72, 73, 79, 81, 83, 85, 86, 87, 88, 91, 92, 93, 94, 95, 97, 98, 101, 103, 104, 106, 108, 110, 112, 115, 116, 118, 119, 122, 123, 124, 126, 127, 128, 129, 132, 133, 134, 137, 138, 139, 144, 145, 146, 148, 149, 151, 153, 157, 159
72: 1, 3, 5, 7, 9, 10, 12, 13, 17, 19, 20, 21, 24, 26, 30, 36, 37, 39, 40, 41, 43, 46, 48, 49, 56, 57, 62, 64, 67, 71, 72, 78, 82, 83, 86, 87, 91, 92, 93, 94, 95, 101, 104, 108, 111, 114, 118, 119, 122, 123, 124, 126, 129, 132, 137, 141, 144, 145, 147, 149, 153, 155, 159
73: 0, 1, 2, 3, 5, 7, 12, 14, 17, 18, 21, 24, 30, 32, 37, 38, 39, 42, 44, 45, 46, 47, 48, 50, 51, 52, 53, 54, 55, 56, 57, 58, 59, 60, 61, 62, 63, 64, 67, 68, 70, 71, 73, 75, 77, 78, 79, 81, 82, 85, 86, 87, 91, 93, 94, 95, 96, 98, 101, 102, 103, 104, 106, 109, 110, 112, 116, 117, 118, 119, 120, 122, 124, 125, 126, 127, 128, 129, 130, 131, 132, 134, 137, 138, 139, 143, 144, 145, 146, 148, 149, 152, 155, 156, 157, 159
74: 0, 4, 6, 8, 13, 15, 16, 21, 22, 23, 25, 28, 29, 30, 31, 35, 36, 38, 43, 49, 63, 66, 69, 74, 75, 77, 88, 90, 91, 94, 97, 99, 103, 105, 107, 113, 117, 119, 121, 124, 132, 135, 136, 140, 146, 147, 154, 157, 158
75: 0, 2, 14, 15, 22, 23, 25, 30, 31, 32, 38, 42, 44, 45, 47, 49, 50, 51, 52, 53, 55, 60, 63, 65, 66, 69, 73, 74, 75, 77, 79, 82, 88, 96, 97, 98, 99, 103, 104, 107, 110, 115, 117, 119, 120, 122, 126, 127, 130, 131, 136, 142, 146, 150, 152, 154, 155, 156, 158
76: 2, 4, 5, 13, 22, 23, 25, 27, 30, 31, 32, 33, 34, 36, 41, 42, 51, 55, 56, 63, 67, 68, 69, 76, 77, 80, 85, 88, 89, 92, 94, 96, 97, 100, 102, 103, 104, 105, 107, 110, 113, 115, 121, 124, 131, 133, 134, 136, 137, 140, 142, 143, 146, 148, 150, 154, 157, 158
77: 0, 2, 4, 5, 8, 14, 15, 16, 22, 23, 25, 28, 29, 30, 31, 32, 36, 38, 44, 47, 49, 51, 53, 54, 60, 65, 66, 69, 73, 74, 75, 76, 77, 79, 80, 82, 85, 86, 88, 89, 90, 91, 94, 96, 97, 99, 102, 103, 104, 105, 106, 107, 110, 115, 116, 117, 119, 120, 121, 124, 131, 136, 139, 140, 142, 143, 146, 147, 150, 152, 154, 156, 157, 158
78: 1, 3, 5, 7, 9, 12, 14, 17, 18, 19, 20, 21, 24, 26, 32, 37, 39, 40, 44, 46, 48, 52, 53, 54, 55, 57, 58, 61, 62, 64, 67, 68, 72, 73, 78, 79, 81, 82, 83, 85, 86, 87, 93, 94, 95, 96, 100, 101, 102, 106, 108, 111, 112, 114, 115, 116, 117, 118, 122, 123, 125, 126, 127, 128, 129, 131, 132, 134, 137, 138, 144, 145, 148, 149, 155, 159
79: 0, 1, 2, 3, 4, 5, 6, 7, 8, 11, 12, 13, 14, 15, 16, 17, 21, 22, 24, 26, 28, 30, 31, 32, 35, 37, 39, 44, 46, 47, 48, 49, 51, 53, 54, 55, 56, 57, 58, 60, 61, 62, 64, 66, 67, 68, 69, 71, 73, 75, 77, 78, 79, 82, 85, 86, 87, 88, 91, 92, 93, 94, 95, 96, 97, 99, 101, 102, 103, 104, 105, 106, 110, 112, 115, 116, 117, 118, 119, 122, 123, 126, 127, 128, 129, 131, 132, 134, 136, 137, 138, 139, 142, 143, 144, 145, 146, 147, 148, 149, 150, 154, 155, 156, 157, 158, 159
80: 4, 5, 8, 10, 11, 13, 16, 22, 23, 29, 30, 31, 34, 35, 36, 41, 43, 56, 57, 69, 76, 77, 80, 88, 89, 91, 92, 103, 104, 105, 107, 108, 110, 113, 115, 123, 124, 135, 136, 140, 146, 147, 150, 153, 154, 157, 158
81: 0, 1, 2, 3, 5, 7, 12, 14, 17, 18, 21, 24, 26, 32, 37, 39, 40, 42, 44, 45, 46, 47, 48, 54, 55, 57, 58, 60, 61, 62, 63, 64, 68, 70, 71, 73, 78, 81, 85, 86, 87, 93, 95, 96, 98, 101, 106, 112, 116, 117, 118, 122, 125, 126, 127, 128, 129, 130, 131, 132, 134, 137, 138, 144, 145, 148, 149, 155
82: 0, 2, 9, 13, 15, 30, 32, 36, 38, 42, 44, 45, 47, 49, 52, 53, 54, 58, 64, 65, 66, 72, 73, 75, 77, 78, 79, 82, 83, 89, 96, 98, 99, 100, 101, 103, 106, 112, 115, 117, 120, 122, 125, 126, 128, 130, 131, 136, 139, 152, 155, 156
83: 1, 3, 5, 7, 9, 10, 12, 15, 17, 18, 19, 20, 21, 24, 37, 42, 46, 48, 49, 52, 55, 57, 62, 63, 64, 67, 70, 71, 72, 78, 82, 83, 84, 87, 89, 93, 95, 100, 101, 108, 109, 111, 114, 115, 118, 123, 125, 126, 127, 128, 132, 134, 137, 141, 145, 146, 149, 153, 155, 159
84: 55, 83, 84, 97, 109, 111, 133, 134
85: 1, 2, 3, 4, 5, 6, 7, 10, 12, 13, 14, 16, 17, 18, 21, 22, 24, 25, 26, 27, 28, 30, 32, 36, 37, 39, 40, 42, 43, 44, 45, 46, 47, 48, 49, 51, 53, 54, 55, 56, 57, 58, 60, 61, 62, 63, 64, 66, 67, 68, 70, 71, 73, 76, 77, 78, 79, 81, 85, 86, 87, 91, 92, 93, 94, 95, 96, 98, 99, 101, 102, 103, 104, 105, 106, 109, 110, 112, 114, 115, 116, 118, 119, 122, 123, 124, 126, 127, 128, 129, 131, 132, 133, 134, 136, 137, 138, 139, 140, 142, 143, 144, 145, 146, 148, 149, 152, 153, 155, 157, 159
86: 1, 3, 5, 7, 10, 12, 13, 14, 16, 17, 18, 21, 24, 26, 27, 28, 30, 32, 36, 37, 39, 40, 41, 42, 43, 44, 45, 46, 47, 48, 49, 50, 51, 53, 54, 55, 56, 57, 58, 60, 61, 62, 63, 64, 66, 67, 68, 70, 71, 72, 73, 77, 78, 79, 81, 85, 86, 87, 91, 92, 93, 94, 95, 96, 98, 101, 103, 104, 106, 110, 112, 115, 116, 117, 118, 119, 120, 122, 123, 124, 126, 127, 128, 129, 130, 131, 132, 134, 136, 137, 138, 139, 143, 144, 145, 147, 148, 149, 153, 155, 156, 157, 159
87: 1, 3, 4, 5, 6, 7, 8, 9, 10, 11, 12, 13, 14, 16, 17, 18, 19, 20, 21, 22, 24, 26, 27, 28, 29, 30, 31, 32, 33, 34, 35, 36, 37, 39, 40, 41, 42, 43, 44, 46, 47, 48, 49, 53, 54, 55, 56, 57, 58, 60, 61, 62, 63, 64, 67, 68, 69, 70, 71, 72, 73, 78, 79, 81, 83, 85, 86, 87, 90, 91, 92, 93, 94, 95, 96, 98, 101, 103, 104, 105, 106, 107, 108, 110, 112, 114, 115, 116, 118, 119, 122, 123, 124, 126, 127, 128, 129, 132, 134, 137, 138, 139, 140, 143, 144, 145, 146, 147, 148, 149, 153, 154, 157, 158, 159
88: 0, 2, 4, 5, 8, 11, 14, 15, 16, 18, 22, 23, 24, 25, 30, 31, 32, 34, 36, 38, 41, 42, 44, 46, 51, 55, 60, 63, 65, 66, 67, 69, 70, 71, 74, 75, 76, 77, 79, 80, 88, 89, 94, 96, 97, 99, 103, 104, 105, 107, 109, 110, 115, 117, 131, 133, 134, 135, 136, 140, 142, 143, 146, 147, 150, 152, 154, 157, 158
89: 4, 5, 9, 15, 23, 25, 30, 31, 32, 36, 42, 52, 63, 65, 66, 69, 70, 76, 77, 80, 82, 83, 88, 89, 97, 99, 100, 103, 110, 115, 124, 134, 136, 141, 146, 150
90: 4, 6, 8, 11, 12, 16, 17, 21, 22, 23, 26, 28, 29, 30, 31, 33, 35, 36, 37, 40, 48, 56, 57, 66, 67, 69, 70, 74, 77, 87, 90, 91, 93, 94, 95, 99, 105, 107, 119, 132, 136, 137, 140, 144, 145, 147, 151, 154, 157, 158, 159
91: 1, 3, 4, 5, 6, 7, 8, 10, 11, 12, 13, 14, 16, 17, 18, 19, 20, 21, 22, 24, 26, 27, 28, 29, 30, 31, 32, 33, 35, 36, 37, 38, 40, 41, 43, 46, 48, 49, 56, 57, 60, 64, 66, 67, 68, 69, 70, 71, 72, 73, 74, 77, 79, 80, 85, 86, 87, 90, 91, 92, 93, 94, 95, 99, 101, 103, 104, 105, 106, 108, 110, 112, 113, 114, 116, 118, 119, 121, 122, 123, 124, 126, 127, 128, 129, 132, 134, 136, 137, 138, 140, 141, 144, 145, 147, 148, 149, 153, 154, 157, 158, 159
92: 1, 2, 3, 4, 5, 6, 7, 9, 10, 12, 13, 14, 16, 17, 18, 19, 21, 22, 24, 25, 26, 27, 28, 30, 31, 32, 34, 36, 37, 39, 40, 41, 42, 43, 44, 45, 46, 47, 48, 49, 51, 53, 54, 55, 56, 57, 62, 63, 64, 67, 68, 69, 71, 72, 76, 79, 80, 85, 86, 87, 91, 92, 93, 94, 95, 96, 97, 98, 99, 100, 101, 103, 104, 105, 106, 107, 108, 110, 113, 114, 115, 116, 117, 118, 119, 121, 122, 123, 124, 126, 127, 128, 129, 130, 131, 132, 133, 134, 137, 138, 139, 140, 143, 144, 145, 146, 148, 149, 150, 153, 154, 157, 158, 159
93: 1, 3, 4, 5, 6, 7, 9, 10, 12, 13, 14, 16, 17, 18, 19, 20, 21, 22, 24, 26, 27, 28, 29, 30, 31, 32, 34, 35, 36, 37, 39, 40, 41, 42, 43, 44, 45, 46, 47, 48, 49, 53, 54, 55, 56, 57, 58, 60, 61, 62, 63, 64, 67, 68, 69, 70, 71, 72, 73, 78, 79, 81, 83, 85, 86, 87, 90, 91, 92, 93, 94, 95, 98, 99, 101, 104, 105, 106, 108, 110, 112, 114, 115, 116, 118, 119, 122, 123, 124, 126, 127, 128, 129, 132, 134, 137, 138, 139, 140, 144, 145, 147, 148, 149, 153, 154, 155, 157, 159
94: 1, 2, 3, 4, 5, 6, 7, 8, 9, 10, 11, 12, 13, 14, 16, 17, 21, 22, 24, 25, 26, 27, 28, 29, 30, 31, 33, 34, 35, 36, 37, 39, 40, 41, 48, 49, 51, 54, 55, 56, 57, 58, 59, 62, 64, 67, 68, 69, 71, 72, 73, 74, 76, 77, 78, 79, 85, 86, 87, 88, 90, 91, 92, 93, 94, 95, 96, 97, 101, 102, 103, 104, 105, 107, 109, 110, 111, 113, 114, 116, 118, 119, 121, 123, 124, 126, 127, 129, 131, 132, 134, 137, 138, 140, 142, 143, 144, 145, 146, 147, 148, 149, 150, 153, 154, 156, 157, 158, 159
95: 1, 3, 4, 5, 6, 7, 8, 9, 10, 12, 13, 14, 16, 17, 18, 19, 20, 21, 22, 24, 26, 27, 28, 29, 30, 31, 32, 33, 34, 35, 36, 37, 39, 40, 41, 42, 43, 44, 46, 47, 48, 49, 53, 54, 55, 56, 57, 60, 61, 62, 63, 64, 67, 68, 69, 70, 71, 72, 73, 78, 79, 81, 83, 85, 86, 87, 90, 91, 92, 93, 94, 95, 96, 101, 103, 104, 105, 106, 107, 108, 110, 111, 112, 114, 115, 116, 118, 119, 121, 122, 123, 124, 126, 127, 128, 129, 130, 131, 132, 134, 137, 138, 139, 140, 143, 144, 145, 146, 147, 148, 149, 151, 153, 154, 157, 158, 159
96: 0, 2, 4, 9, 12, 13, 14, 15, 16, 17, 21, 22, 23, 24, 25, 27, 30, 31, 32, 34, 36, 38, 39, 41, 42, 44, 45, 47, 49, 50, 51, 52, 53, 54, 55, 56, 58, 59, 60, 61, 62, 63, 64, 65, 66, 67, 68, 69, 73, 75, 76, 77, 78, 79, 81, 82, 85, 86, 87, 88, 92, 94, 95, 96, 97, 98, 99, 101, 102, 103, 104, 105, 106, 107, 110, 112, 115, 116, 117, 119, 120, 121, 122, 124, 126, 127, 128, 129, 130, 131, 132, 133, 134, 136, 137, 138, 139, 140, 142, 143, 144, 146, 148, 150, 152, 154, 156, 157, 158, 159
97: 0, 2, 4, 6, 9, 14, 15, 18, 22, 23, 24, 25, 27, 30, 31, 34, 42, 44, 46, 51, 55, 63, 67, 70, 71, 74, 75, 76, 77, 79, 84, 88, 89, 92, 94, 96, 97, 103, 104, 105, 107, 109, 110, 113, 115, 117, 121, 124, 131, 132, 133, 134, 136, 140, 142, 143, 146, 148, 150, 152, 158
98: 0, 1, 2, 12, 13, 15, 17, 18, 24, 27, 30, 32, 36, 38, 39, 42, 43, 44, 45, 46, 47, 48, 49, 50, 51, 52, 53, 58, 60, 61, 62, 63, 64, 66, 70, 71, 73, 75, 81, 82, 85, 86, 87, 92, 93, 96, 98, 99, 101, 103, 104, 106, 110, 112, 115, 116, 117, 118, 120, 122, 124, 125, 126, 128, 129, 130, 131, 133, 138, 139, 143, 144, 146, 152
99: 0, 2, 4, 5, 13, 14, 15, 16, 21, 22, 23, 25, 28, 30, 31, 32, 36, 38, 43, 45, 47, 49, 51, 53, 58, 60, 65, 66, 68, 69, 74, 75, 77, 79, 82, 85, 88, 89, 90, 91, 92, 93, 96, 98, 99, 101, 103, 104, 105, 106, 110, 113, 115, 116, 117, 120, 121, 124, 127, 129, 131, 132, 136, 138, 139, 142, 143, 148, 150, 152, 154, 157, 158
100: 13, 20, 25, 32, 76, 78, 82, 83, 89, 92, 100, 106, 108, 110, 114, 116, 121, 133, 134
101: 1, 3, 5, 6, 7, 10, 12, 13, 14, 16, 17, 18, 19, 20, 21, 24, 26, 28, 29, 30, 32, 35, 37, 39, 40, 41, 42, 43, 44, 46, 47, 48, 49, 53, 54, 55, 56, 57, 58, 60, 61, 62, 64, 66, 67, 68, 71, 72, 73, 78, 79, 81, 82, 83, 85, 86, 87, 91, 92, 93, 94, 95, 96, 98, 99, 101, 102, 104, 106, 108, 112, 114, 115, 116, 117, 118, 119, 122, 123, 124, 125, 126, 127, 128, 129, 130, 131, 132, 134, 136, 137, 138, 139, 144, 145, 147, 148, 149, 150, 153, 155, 156, 157, 159
102: 2, 6, 8, 14, 16, 22, 28, 33, 39, 51, 54, 55, 58, 59, 64, 66, 67, 68, 73, 76, 77, 78, 79, 85, 94, 96, 101, 102, 105, 107, 113, 116, 119, 121, 127, 131, 132, 134, 136, 138, 142, 143, 147, 148, 156, 157
103: 0, 2, 4, 5, 12, 13, 14, 16, 17, 22, 23, 27, 28, 30, 31, 32, 36, 37, 38, 41, 42, 43, 44, 45, 47, 49, 50, 51, 53, 56, 57, 60, 62, 63, 64, 65, 66, 67, 68, 69, 70, 71, 73, 74, 75, 76, 77, 79, 80, 82, 85, 86, 87, 88, 89, 91, 92, 94, 95, 96, 97, 98, 99, 103, 104, 105, 106, 107, 110, 112, 115, 116, 117, 122, 124, 126, 127, 128, 129, 130, 131, 132, 133, 134, 136, 137, 138, 139, 140, 142, 143, 146, 147, 148, 150, 154, 156, 157, 158
104: 0, 1, 2, 3, 4, 5, 6, 7, 9, 10, 12, 13, 14, 16, 17, 18, 19, 21, 22, 24, 26, 27, 28, 30, 31, 32, 34, 36, 37, 39, 40, 41, 42, 43, 44, 45, 46, 47, 48, 49, 51, 53, 54, 55, 56, 57, 62, 63, 64, 67, 68, 69, 71, 72, 73, 75, 76, 77, 79, 80, 85, 86, 87, 88, 91, 92, 93, 94, 95, 96, 97, 98, 99, 101, 103, 104, 105, 106, 107, 108, 110, 113, 114, 115, 116, 118, 119, 121, 122, 123, 124, 126, 127, 128, 129, 130, 131, 132, 133, 134, 136, 137, 138, 139, 140, 142, 143, 144, 145, 146, 147, 148, 149, 150, 153, 154, 157, 158, 159
105: 0, 1, 2, 3, 4, 6, 7, 8, 9, 12, 13, 14, 16, 17, 21, 22, 25, 27, 28, 30, 31, 32, 33, 34, 36, 37, 40, 41, 43, 48, 49, 51, 54, 55, 56, 57, 67, 68, 69, 74, 76, 77, 79, 80, 85, 87, 88, 90, 91, 92, 93, 94, 95, 96, 97, 99, 102, 103, 104, 105, 106, 107, 110, 113, 115, 118, 119, 121, 123, 124, 127, 131, 132, 133, 134, 136, 137, 140, 142, 143, 144, 145, 146, 147, 148, 149, 150, 152, 154, 157, 158, 159
106: 0, 1, 2, 3, 4, 5, 7, 10, 12, 13, 14, 15, 17, 18, 21, 22, 24, 25, 26, 27, 30, 32, 36, 37, 38, 39, 40, 41, 42, 43, 44, 45, 46, 47, 48, 49, 50, 51, 52, 53, 54, 55, 56, 57, 58, 60, 61, 62, 63, 64, 66, 67, 68, 71, 73, 77, 78, 79, 81, 82, 85, 86, 87, 91, 92, 93, 95, 96, 98, 99, 100, 101, 103, 104, 105, 106, 110, 112, 115, 116, 117, 118, 120, 121, 122, 124, 126, 127, 128, 129, 130, 131, 132, 133, 134, 136, 137, 138, 139, 140, 142, 143, 144, 145, 146, 148, 149, 150, 152, 153, 159
107: 0, 2, 3, 4, 6, 7, 8, 9, 12, 13, 14, 16, 17, 21, 22, 23, 25, 27, 28, 29, 30, 31, 33, 34, 35, 36, 37, 41, 43, 49, 51, 56, 57, 66, 67, 69, 74, 75, 76, 77, 80, 87, 88, 90, 92, 94, 95, 96, 97, 102, 103, 104, 105, 107, 110, 113, 115, 119, 121, 123, 124, 127, 131, 132, 137, 140, 142, 143, 144, 145, 146, 147, 149, 150, 154, 157, 158, 159
108: 1, 3, 5, 7, 8, 9, 10, 11, 12, 13, 17, 18, 19, 20, 21, 24, 26, 29, 30, 34, 35, 37, 40, 41, 42, 43, 46, 48, 49, 56, 57, 64, 67, 71, 72, 78, 80, 83, 87, 91, 92, 93, 95, 100, 101, 104, 108, 111, 114, 118, 123, 124, 129, 132, 134, 137, 141, 144, 145, 149, 153, 155, 159
109: 2, 5, 6, 14, 15, 18, 23, 24, 25, 42, 46, 55, 58, 59, 60, 63, 68, 70, 73, 83, 84, 85, 88, 94, 97, 109, 112, 116, 117, 131, 132, 133, 134, 138, 144, 146, 148, 150, 151, 152
110: 0, 1, 2, 3, 4, 5, 7, 9, 10, 12, 13, 14, 15, 16, 17, 18, 21, 22, 23, 24, 25, 26, 27, 30, 31, 32, 34, 36, 37, 39, 40, 41, 42, 43, 44, 45, 46, 47, 48, 49, 51, 53, 54, 55, 56, 57, 62, 63, 64, 66, 67, 68, 69, 70, 71, 73, 75, 76, 77, 79, 80, 85, 86, 87, 88, 89, 91, 92, 93, 94, 95, 96, 97, 98, 99, 100, 103, 104, 105, 106, 107, 110, 115, 116, 117, 118, 119, 122, 123, 124, 126, 127, 129, 130, 131, 132, 133, 134, 136, 137, 138, 139, 140, 142, 143, 144, 145, 146, 148, 149, 150, 151, 153, 154, 157, 158, 159
111: 3, 7, 8, 9, 10, 11, 12, 19, 20, 21, 34, 35, 37, 41, 48, 55, 67, 72, 78, 83, 84, 94, 95, 108, 111, 114, 123, 127, 132, 137, 141, 145, 149, 153, 159
112: 1, 3, 5, 7, 12, 13, 14, 17, 18, 21, 24, 26, 32, 37, 38, 39, 42, 44, 45, 46, 47, 48, 50, 53, 54, 55, 56, 57, 58, 59, 60, 61, 62, 63, 64, 67, 68, 70, 71, 73, 78, 79, 81, 82, 85, 86, 87, 91, 93, 95, 96, 98, 101, 103, 106, 109, 112, 116, 117, 118, 122, 125, 126, 128, 129, 130, 131, 132, 134, 137, 138, 139, 144, 148, 149, 152, 156, 159
113: 3, 4, 6, 7, 13, 16, 22, 25, 27, 28, 30, 31, 33, 34, 36, 43, 49, 51, 67, 69, 74, 76, 80, 91, 92, 94, 97, 99, 102, 104, 105, 107, 113, 118, 121, 124, 131, 132, 140, 142, 144, 145, 149, 150, 154, 157, 158
114: 1, 3, 4, 6, 7, 9, 10, 12, 13, 14, 17, 19, 20, 21, 24, 26, 30, 36, 37, 40, 43, 48, 49, 56, 57, 62, 64, 67, 68, 72, 78, 83, 85, 87, 91, 92, 93, 94, 95, 100, 101, 104, 108, 111, 114, 116, 118, 119, 123, 124, 126, 127, 129, 132, 134, 137, 141, 144, 145, 148, 149, 153, 155, 157, 159
115: 0, 1, 2, 3, 4, 5, 7, 9, 10, 12, 13, 14, 15, 16, 17, 18, 21, 22, 23, 24, 25, 26, 27, 30, 31, 32, 34, 35, 36, 37, 39, 41, 42, 43, 44, 45, 46, 47, 48, 49, 51, 52, 53, 54, 55, 56, 57, 61, 63, 64, 66, 67, 68, 69, 70, 71, 75, 76, 77, 78, 79, 80, 82, 83, 85, 86, 87, 88, 89, 92, 93, 95, 96, 97, 98, 99, 101, 103, 104, 105, 106, 107, 110, 115, 116, 117, 118, 119, 120, 122, 123, 124, 126, 127, 129, 130, 131, 132, 133, 134, 136, 137, 139, 140, 143, 144, 145, 146, 148, 149, 150, 151, 152, 153, 154, 157, 158, 159
116: 1, 2, 3, 4, 5, 6, 7, 10, 12, 13, 14, 16, 17, 18, 21, 22, 24, 25, 26, 28, 30, 32, 36, 37, 38, 39, 40, 42, 43, 44, 45, 46, 47, 48, 49, 51, 53, 54, 55, 56, 57, 58, 59, 60, 61, 62, 63, 64, 66, 67, 68, 70, 71, 73, 77, 78, 79, 81, 85, 86, 87, 91, 92, 93, 94, 95, 96, 98, 99, 100, 101, 102, 103, 104, 106, 109, 110, 112, 114, 115, 116, 117, 118, 119, 122, 123, 124, 125, 126, 127, 128, 129, 130, 131, 132, 133, 134, 136, 137, 138, 139, 142, 143, 144, 145, 146, 148, 149, 152, 153, 155, 157, 159
117: 0, 2, 13, 14, 15, 18, 23, 25, 30, 32, 36, 38, 42, 43, 44, 45, 46, 47, 49, 50, 51, 52, 53, 54, 55, 58, 60, 62, 63, 64, 65, 66, 69, 73, 74, 75, 77, 78, 79, 81, 82, 86, 88, 92, 96, 97, 98, 99, 101, 103, 106, 109, 110, 112, 115, 116, 117, 120, 122, 124, 125, 126, 128, 129, 130, 131, 136, 139, 143, 146, 152, 156
118: 1, 3, 4, 5, 6, 7, 10, 12, 13, 14, 16, 17, 18, 19, 20, 21, 22, 24, 26, 27, 28, 29, 30, 31, 32, 34, 35, 36, 37, 39, 40, 41, 42, 43, 44, 45, 46, 47, 48, 49, 53, 54, 55, 56, 57, 58, 60, 61, 62, 63, 64, 67, 68, 69, 70, 71, 72, 73, 78, 79, 81, 83, 85, 86, 87, 91, 92, 93, 94, 95, 98, 101, 104, 105, 106, 108, 110, 112, 113, 114, 115, 116, 118, 119, 121, 122, 123, 124, 126, 127, 128, 129, 132, 134, 137, 138, 139, 140, 144, 145, 147, 148, 149, 153, 157, 159
119: 0, 1, 3, 4, 6, 7, 8, 9, 10, 11, 12, 13, 14, 15, 16, 17, 21, 22, 23, 24, 25, 26, 27, 28, 29, 30, 31, 32, 33, 34, 35, 36, 37, 39, 40, 41, 43, 48, 49, 54, 55, 56, 57, 64, 66, 67, 68, 69, 71, 72, 73, 74, 75, 77, 79, 85, 86, 87, 90, 91, 92, 93, 94, 95, 96, 101, 102, 104, 105, 107, 110, 114, 115, 116, 118, 119, 121, 122, 123, 124, 126, 127, 129, 132, 134, 136, 137, 140, 141, 144, 145, 147, 148, 149, 150, 151, 153, 154, 156, 157, 158, 159
120: 0, 2, 32, 42, 44, 45, 47, 49, 50, 52, 53, 54, 58, 63, 66, 73, 75, 77, 82, 86, 96, 98, 99, 106, 115, 117, 120, 122, 126, 128, 130, 131, 136, 139, 152, 155
121: 2, 3, 4, 6, 7, 8, 9, 12, 13, 15, 17, 21, 22, 25, 27, 28, 29, 30, 31, 32, 33, 34, 35, 36, 37, 43, 49, 51, 66, 67, 69, 74, 76, 77, 91, 92, 94, 95, 96, 97, 99, 100, 102, 104, 105, 106, 107, 113, 118, 119, 121, 124, 131, 132, 137, 140, 142, 143, 144, 145, 147, 149, 150, 154, 157, 158, 159
122: 0, 1, 2, 3, 4, 5, 7, 12, 13, 14, 17, 18, 21, 24, 26, 30, 32, 37, 38, 39, 42, 44, 45, 46, 47, 48, 49, 50, 52, 53, 54, 55, 56, 57, 58, 60, 61, 62, 63, 64, 67, 68, 70, 71, 72, 73, 75, 78, 79, 81, 82, 85, 86, 87, 91, 92, 93, 95, 96, 98, 101, 103, 104, 106, 110, 112, 115, 116, 117, 118, 119, 120, 122, 126, 127, 128, 129, 130, 131, 132, 134, 137, 138, 139, 144, 145, 146, 148, 149, 155, 156, 157, 159
123: 1, 3, 5, 6, 7, 8, 10, 11, 12, 13, 14, 16, 17, 18, 19, 20, 21, 22, 24, 26, 28, 29, 30, 33, 34, 35, 37, 39, 40, 41, 42, 43, 46, 48, 49, 54, 55, 56, 57, 61, 62, 63, 64, 67, 71, 72, 78, 79, 80, 83, 85, 86, 87, 91, 92, 93, 94, 95, 101, 104, 105, 107, 108, 110, 111, 114, 115, 116, 118, 119, 123, 124, 126, 127, 129, 132, 134, 137, 140, 141, 144, 145, 147, 148, 149, 150, 153, 157, 159
124: 1, 2, 3, 4, 5, 6, 7, 9, 10, 12, 13, 14, 15, 16, 17, 18, 21, 22, 24, 25, 26, 27, 28, 30, 31, 32, 34, 36, 37, 39, 40, 41, 42, 43, 44, 45, 46, 47, 48, 49, 51, 53, 54, 55, 56, 57, 62, 63, 64, 66, 67, 68, 69, 71, 72, 73, 74, 76, 77, 80, 85, 86, 87, 89, 91, 92, 93, 94, 95, 96, 97, 98, 99, 101, 103, 104, 105, 106, 107, 108, 110, 113, 114, 115, 116, 117, 118, 119, 121, 123, 124, 126, 127, 129, 130, 131, 132, 133, 134, 136, 137, 138, 139, 140, 142, 143, 144, 145, 146, 147, 148, 149, 150, 153, 154, 157, 158, 159
125: 18, 44, 52, 54, 58, 59, 61, 62, 65, 73, 78, 81, 82, 83, 98, 101, 112, 116, 117, 125, 126, 128, 130, 155
126: 0, 1, 2, 3, 5, 7, 10, 12, 13, 14, 17, 18, 21, 24, 26, 30, 32, 37, 38, 39, 40, 42, 43, 44, 45, 46, 47, 48, 49, 50, 52, 53, 54, 55, 56, 57, 58, 59, 60, 61, 62, 63, 64, 67, 68, 70, 71, 72, 73, 75, 78, 79, 81, 82, 83, 85, 86, 87, 91, 92, 93, 94, 95, 96, 98, 101, 103, 104, 106, 110, 112, 114, 115, 116, 117, 118, 119, 120, 122, 123, 124, 125, 126, 127, 128, 129, 130, 131, 132, 134, 137, 138, 139, 143, 144, 145, 146, 148, 149, 152, 153, 155, 156, 157, 159
127: 0, 1, 2, 3, 6, 7, 10, 12, 13, 14, 16, 17, 18, 21, 22, 24, 26, 28, 30, 32, 33, 37, 39, 40, 43, 44, 48, 49, 51, 53, 54, 55, 56, 57, 58, 59, 60, 61, 62, 64, 67, 68, 71, 73, 75, 78, 79, 81, 83, 85, 86, 87, 91, 92, 93, 94, 95, 96, 99, 101, 102, 103, 104, 105, 106, 107, 110, 111, 114, 115, 116, 118, 119, 122, 123, 124, 126, 127, 128, 129, 131, 132, 134, 136, 137, 138, 139, 140, 142, 143, 144, 145, 147, 148, 149, 150, 153, 155, 156, 157, 159
128: 1, 3, 5, 7, 10, 12, 13, 17, 18, 21, 24, 26, 32, 37, 38, 39, 42, 44, 45, 46, 47, 48, 50, 52, 53, 54, 55, 56, 57, 58, 59, 60, 61, 62, 63, 64, 67, 68, 70, 71, 73, 78, 79, 81, 82, 83, 85, 86, 87, 91, 92, 93, 95, 96, 98, 101, 103, 104, 106, 112, 116, 117, 118, 120, 122, 125, 126, 127, 128, 129, 130, 131, 132, 137, 138, 139, 144, 145, 148, 149, 152, 156, 159
129: 0, 1, 3, 4, 5, 7, 10, 12, 13, 14, 16, 17, 18, 19, 21, 24, 26, 28, 30, 32, 36, 37, 39, 40, 42, 43, 44, 45, 46, 47, 48, 49, 53, 54, 55, 56, 57, 58, 60, 61, 62, 63, 64, 67, 68, 70, 71, 72, 73, 78, 79, 81, 85, 86, 87, 91, 92, 93, 94, 95, 96, 98, 99, 101, 103, 104, 106, 108, 110, 112, 114, 115, 116, 117, 118, 119, 122, 123, 124, 126, 127, 128, 129, 130, 131, 132, 134, 137, 138, 139, 144, 145, 148, 149, 153, 155, 157, 159
130: 0, 2, 12, 13, 17, 18, 30, 32, 37, 38, 39, 41, 42, 43, 44, 45, 46, 47, 49, 50, 52, 53, 54, 57, 60, 62, 63, 64, 73, 75, 81, 82, 86, 92, 95, 96, 98, 101, 103, 104, 106, 110, 112, 115, 116, 117, 120, 122, 124, 125, 126, 128, 129, 130, 131, 139, 143, 146, 152, 156
131: 0, 2, 4, 6, 9, 13, 14, 15, 17, 21, 22, 23, 24, 25, 27, 30, 31, 32, 36, 38, 39, 42, 44, 45, 47, 49, 50, 51, 52, 53, 54, 55, 58, 59, 60, 61, 62, 63, 64, 65, 66, 67, 68, 69, 73, 75, 76, 77, 78, 79, 81, 82, 85, 86, 88, 92, 94, 95, 96, 97, 98, 99, 101, 102, 103, 104, 105, 106, 107, 109, 110, 112, 113, 115, 116, 117, 120, 121, 122, 124, 126, 127, 128, 129, 130, 131, 132, 133, 134, 136, 138, 139, 140, 142, 143, 146, 148, 150, 152, 154, 156, 158
132: 0, 1, 2, 3, 4, 5, 6, 7, 8, 9, 10, 11, 12, 13, 14, 16, 17, 18, 19, 20, 21, 22, 24, 25, 26, 27, 28, 29, 30, 31, 32, 33, 34, 35, 36, 37, 39, 40, 41, 42, 43, 46, 48, 49, 54, 55, 56, 57, 58, 60, 61, 62, 63, 64, 67, 68, 69, 70, 71, 72, 73, 74, 78, 79, 81, 83, 85, 86, 87, 90, 91, 92, 93, 94, 95, 96, 97, 99, 101, 102, 103, 104, 105, 106, 107, 108, 109, 110, 111, 112, 113, 114, 115, 116, 118, 119, 121, 122, 123, 124, 126, 127, 128, 129, 131, 132, 134, 137, 138, 140, 141, 144, 145, 146, 147, 148, 149, 150, 151, 153, 154, 155, 156, 157, 158, 159
133: 2, 4, 5, 15, 18, 22, 23, 24, 25, 30, 42, 44, 45, 46, 51, 53, 55, 63, 68, 70, 71, 76, 84, 85, 88, 92, 96, 97, 98, 100, 103, 104, 105, 106, 109, 110, 115, 116, 124, 131, 133, 134, 136, 140, 142, 143, 146, 148, 150, 152
134: 1, 2, 3, 4, 5, 6, 7, 8, 10, 11, 12, 13, 14, 15, 16, 17, 18, 21, 22, 23, 24, 25, 26, 27, 28, 29, 30, 31, 32, 33, 34, 35, 36, 37, 39, 40, 41, 42, 44, 46, 48, 49, 51, 53, 54, 55, 56, 57, 58, 60, 61, 62, 63, 64, 67, 68, 70, 71, 73, 76, 78, 79, 81, 83, 84, 85, 86, 87, 88, 89, 91, 92, 93, 94, 95, 96, 97, 100, 101, 102, 103, 104, 105, 106, 108, 109, 110, 112, 114, 115, 116, 118, 119, 122, 123, 124, 126, 127, 129, 131, 132, 133, 134, 137, 138, 139, 140, 143, 144, 145, 146, 147, 148, 149, 150, 151, 153, 157, 159
135: 8, 11, 23, 29, 31, 34, 41, 69, 74, 80, 88, 135, 147, 158
136: 0, 2, 4, 5, 13, 14, 16, 22, 23, 25, 28, 30, 31, 32, 36, 38, 44, 45, 47, 49, 50, 51, 53, 54, 60, 64, 65, 66, 67, 69, 74, 75, 76, 77, 79, 80, 82, 85, 86, 88, 89, 90, 91, 96, 97, 99, 101, 102, 103, 104, 105, 106, 110, 115, 116, 117, 119, 120, 124, 127, 131, 133, 136, 139, 140, 142, 143, 147, 148, 150, 152, 154, 157, 158
137: 1, 3, 4, 5, 6, 7, 8, 9, 10, 11, 12, 13, 14, 16, 17, 18, 19, 20, 21, 22, 24, 26, 27, 28, 30, 31, 32, 33, 34, 35, 36, 37, 39, 40, 41, 42, 43, 44, 46, 48, 49, 53, 54, 55, 56, 57, 60, 61, 62, 63, 64, 67, 68, 69, 70, 71, 72, 73, 76, 78, 79, 81, 83, 85, 86, 87, 90, 91, 92, 93, 94, 95, 96, 101, 103, 104, 105, 106, 107, 108, 110, 111, 112, 114, 115, 116, 118, 119, 121, 122, 123, 124, 126, 127, 128, 129, 132, 134, 137, 138, 139, 140, 143, 144, 145, 146, 147, 148, 149, 150, 153, 154, 157, 158, 159
138: 1, 2, 3, 5, 7, 12, 13, 14, 17, 18, 21, 24, 25, 26, 32, 36, 37, 38, 39, 40, 44, 45, 46, 48, 53, 54, 55, 56, 57, 58, 60, 61, 62, 64, 67, 68, 70, 71, 73, 78, 79, 81, 85, 86, 87, 91, 92, 93, 94, 95, 96, 98, 99, 101, 102, 103, 104, 106, 109, 110, 112, 116, 118, 122, 124, 126, 127, 128, 129, 131, 132, 134, 137, 138, 139, 143, 144, 145, 148, 149, 153, 155, 159
139: 0, 1, 3, 4, 5, 7, 12, 13, 17, 21, 24, 26, 27, 30, 32, 36, 37, 38, 39, 40, 41, 42, 43, 44, 45, 46, 47, 48, 49, 50, 51, 52, 53, 54, 56, 57, 60, 61, 62, 63, 64, 66, 68, 70, 71, 73, 77, 79, 82, 85, 86, 87, 92, 93, 95, 96, 98, 99, 101, 103, 104, 106, 110, 112, 115, 116, 117, 118, 120, 122, 124, 126, 127, 128, 129, 130, 131, 134, 136, 137, 138, 139, 140, 143, 144, 145, 146, 148
140: 0, 1, 2, 3, 4, 6, 7, 9, 12, 13, 14, 16, 17, 21, 22, 25, 27, 28, 30, 31, 32, 33, 34, 36, 37, 40, 41, 43, 48, 49, 51, 54, 55, 56, 57, 58, 59, 67, 68, 69, 74, 76, 77, 80, 85, 87, 88, 90, 91, 92, 93, 94, 95, 96, 97, 103, 104, 105, 106, 107, 110, 113, 115, 118, 119, 121, 123, 124, 127, 131, 132, 133, 134, 136, 137, 139, 140, 142, 143, 144, 145, 146, 147, 148, 149, 150, 152, 154, 157, 158, 159
141: 6, 8, 10, 11, 16, 19, 20, 28, 29, 35, 69, 72, 83, 89, 91, 108, 111, 114, 119, 123, 132, 141, 147, 153, 157, 158
142: 2, 4, 14, 16, 22, 23, 25, 30, 31, 32, 33, 51, 53, 54, 58, 59, 66, 67, 68, 69, 75, 76, 77, 79, 85, 88, 94, 96, 97, 99, 102, 103, 104, 105, 106, 107, 110, 113, 116, 121, 124, 127, 131, 133, 136, 140, 142, 143, 146, 148, 150, 152, 154, 157, 158
143: 0, 2, 4, 9, 13, 14, 17, 22, 25, 27, 30, 31, 32, 34, 36, 38, 39, 42, 44, 47, 51, 53, 54, 58, 61, 62, 63, 64, 66, 67, 68, 73, 76, 77, 79, 85, 86, 87, 88, 92, 94, 95, 96, 97, 98, 99, 102, 103, 104, 105, 106, 107, 110, 115, 116, 117, 121, 124, 126, 127, 130, 131, 133, 134, 136, 137, 138, 139, 140, 142, 143, 144, 146, 148, 150, 152, 158
144: 1, 3, 4, 5, 6, 7, 9, 10, 12, 13, 14, 16, 17, 18, 19, 20, 21, 22, 24, 25, 26, 27, 28, 29, 30, 31, 32, 33, 34, 35, 36, 37, 39, 40, 41, 42, 43, 44, 46, 47, 48, 49, 53, 54, 55, 56, 57, 58, 60, 61, 62, 63, 64, 67, 68, 69, 70, 71, 72, 73, 78, 79, 81, 85, 86, 87, 90, 91, 92, 93, 94, 95, 96, 98, 101, 104, 105, 106, 107, 108, 109, 110, 112, 113, 114, 115, 116, 118, 119, 121, 122, 123, 124, 126, 127, 128, 129, 132, 134, 137, 138, 139, 140, 143, 144, 145, 146, 147, 148, 149, 151, 153, 154, 157, 159
145: 1, 3, 4, 5, 6, 7, 10, 12, 13, 14, 16, 17, 18, 19, 20, 21, 22, 24, 26, 27, 28, 30, 32, 33, 34, 35, 36, 37, 39, 40, 41, 42, 43, 44, 46, 47, 48, 49, 53, 54, 55, 56, 57, 60, 61, 62, 63, 64, 67, 68, 69, 70, 71, 72, 73, 78, 79, 81, 83, 85, 86, 87, 90, 91, 92, 93, 94, 95, 101, 104, 105, 106, 107, 108, 110, 111, 113, 114, 115, 116, 118, 119, 121, 122, 123, 124, 126, 127, 128, 129, 132, 134, 137, 138, 139, 140, 144, 145, 147, 148, 149, 150, 153, 154, 157, 159
146: 0, 1, 2, 4, 5, 9, 10, 12, 13, 14, 15, 17, 18, 22, 23, 24, 25, 27, 30, 31, 32, 34, 36, 37, 38, 39, 41, 42, 43, 44, 45, 46, 47, 48, 49, 50, 51, 53, 55, 56, 57, 63, 67, 68, 69, 70, 71, 73, 74, 75, 76, 77, 79, 80, 83, 85, 87, 88, 89, 92, 94, 95, 96, 97, 98, 103, 104, 105, 106, 107, 109, 110, 115, 116, 117, 122, 124, 126, 130, 131, 132, 133, 134, 137, 139, 140, 142, 143, 144, 146, 148, 150, 152, 153, 158, 159
147: 1, 3, 4, 5, 6, 7, 8, 9, 10, 11, 12, 13, 14, 16, 17, 21, 22, 23, 26, 28, 29, 30, 31, 33, 35, 36, 37, 40, 41, 48, 49, 56, 57, 64, 66, 67, 69, 70, 72, 74, 77, 79, 80, 86, 87, 88, 90, 91, 93, 94, 95, 101, 102, 103, 104, 105, 107, 118, 119, 121, 123, 124, 127, 132, 134, 135, 136, 137, 140, 141, 144, 145, 147, 153, 154, 156, 157, 158, 159
148: 1, 2, 3, 4, 5, 6, 7, 10, 12, 13, 14, 16, 17, 18, 21, 22, 24, 25, 26, 27, 28, 30, 32, 36, 37, 39, 40, 42, 44, 45, 46, 47, 48, 49, 51, 53, 54, 55, 56, 57, 58, 59, 60, 61, 62, 63, 64, 66, 67, 68, 70, 71, 73, 76, 78, 79, 81, 85, 86, 87, 91, 92, 93, 94, 95, 96, 97, 99, 101, 102, 103, 104, 105, 106, 109, 110, 112, 114, 115, 116, 118, 119, 122, 123, 124, 126, 127, 128, 129, 131, 132, 133, 134, 136, 137, 138, 139, 140, 142, 143, 144, 145, 146, 148, 149, 152, 153, 155, 157, 159
149: 1, 3, 4, 5, 6, 7, 10, 12, 13, 14, 16, 17, 18, 19, 20, 21, 22, 24, 26, 27, 28, 30, 32, 34, 35, 36, 37, 39, 40, 41, 42, 43, 46, 48, 49, 53, 54, 55, 56, 57, 58, 60, 61, 62, 63, 64, 67, 68, 69, 71, 72, 73, 78, 79, 81, 83, 85, 86, 87, 91, 92, 93, 94, 95, 101, 104, 105, 106, 107, 108, 110, 111, 112, 113, 114, 115, 116, 118, 119, 121, 122, 123, 124, 126, 127, 128, 129, 132, 134, 137, 138, 140, 144, 145, 148, 149, 153, 157, 159
150: 2, 4, 6, 8, 9, 10, 11, 13, 14, 15, 16, 22, 23, 24, 25, 27, 30, 31, 32, 34, 35, 41, 42, 43, 48, 49, 51, 54, 55, 56, 63, 67, 69, 75, 76, 77, 79, 80, 88, 89, 92, 94, 96, 97, 99, 101, 103, 104, 105, 106, 107, 109, 110, 113, 115, 119, 121, 123, 124, 127, 131, 132, 133, 134, 136, 137, 140, 142, 143, 145, 146, 150, 153, 154, 157, 158, 159
151: 5, 12, 14, 15, 16, 17, 18, 21, 23, 24, 25, 28, 35, 42, 46, 48, 53, 55, 67, 71, 90, 95, 109, 110, 115, 119, 132, 134, 144, 151
152: 0, 2, 14, 15, 22, 23, 25, 32, 38, 42, 44, 50, 51, 52, 55, 58, 59, 60, 63, 65, 66, 68, 73, 75, 77, 82, 85, 88, 96, 97, 98, 99, 105, 106, 109, 112, 115, 116, 117, 120, 126, 128, 130, 131, 133, 136, 140, 142, 143, 146, 148, 152, 156
153: 1, 3, 5, 6, 7, 8, 10, 11, 12, 13, 16, 17, 18, 19, 20, 21, 24, 26, 27, 29, 30, 32, 34, 35, 36, 37, 39, 40, 41, 42, 43, 46, 48, 49, 54, 55, 56, 57, 62, 63, 64, 67, 70, 71, 72, 80, 83, 85, 86, 87, 91, 92, 93, 94, 95, 101, 104, 106, 108, 110, 111, 114, 115, 116, 118, 119, 123, 124, 126, 127, 129, 132, 134, 137, 138, 141, 144, 145, 146, 147, 148, 149, 150, 153, 157, 159
154: 0, 1, 2, 4, 5, 8, 9, 11, 12, 13, 14, 16, 17, 21, 22, 23, 25, 26, 27, 28, 30, 31, 32, 36, 37, 41, 43, 48, 49, 51, 53, 56, 57, 66, 67, 69, 74, 75, 76, 77, 79, 80, 87, 88, 90, 91, 92, 93, 94, 95, 96, 99, 103, 104, 105, 107, 110, 113, 115, 119, 121, 124, 131, 132, 136, 137, 140, 142, 144, 145, 147, 150, 154, 157, 158, 159
155: 1, 14, 21, 37, 39, 45, 47, 48, 49, 52, 53, 54, 58, 60, 61, 62, 64, 65, 67, 68, 72, 73, 75, 78, 79, 81, 82, 83, 85, 86, 93, 101, 108, 114, 116, 120, 122, 125, 126, 127, 129, 132, 138, 148, 155, 159
156: 0, 2, 6, 8, 14, 21, 35, 37, 39, 44, 54, 55, 56, 58, 59, 60, 62, 64, 67, 73, 75, 77, 79, 82, 86, 94, 96, 101, 102, 103, 112, 117, 119, 122, 126, 127, 128, 130, 131, 132, 147, 152, 156, 157, 159
157: 1, 3, 4, 5, 6, 7, 8, 9, 11, 12, 13, 14, 16, 17, 21, 22, 23, 26, 27, 28, 29, 30, 31, 33, 35, 36, 37, 40, 41, 43, 48, 49, 54, 55, 56, 57, 60, 64, 66, 67, 68, 69, 70, 71, 73, 74, 76, 77, 79, 80, 85, 86, 87, 88, 90, 91, 92, 93, 94, 95, 96, 99, 101, 102, 103, 104, 105, 107, 110, 113, 114, 115, 116, 118, 119, 121, 122, 123, 124, 126, 127, 129, 132, 134, 136, 137, 140, 141, 142, 144, 145, 147, 148, 149, 150, 153, 154, 156, 157, 158, 159
158: 0, 2, 4, 6, 8, 9, 11, 12, 13, 15, 16, 17, 21, 22, 23, 25, 27, 28, 29, 30, 31, 32, 33, 34, 35, 36, 37, 41, 43, 49, 56, 57, 66, 67, 69, 74, 75, 76, 77, 79, 80, 87, 88, 90, 91, 92, 94, 95, 96, 97, 99, 103, 104, 105, 107, 110, 113, 115, 119, 121, 124, 131, 132, 135, 136, 137, 140, 141, 142, 143, 146, 147, 150, 154, 157, 158, 159
159: 1, 3, 4, 5, 6, 7, 8, 9, 10, 11, 12, 13, 14, 16, 17, 18, 19, 20, 21, 22, 24, 26, 27, 28, 29, 30, 31, 33, 34, 35, 36, 37, 39, 40, 41, 42, 43, 46, 48, 49, 53, 54, 55, 56, 57, 61, 62, 63, 64, 67, 68, 69, 71, 72, 73, 78, 79, 83, 85, 86, 87, 90, 91, 92, 93, 94, 95, 96, 101, 104, 105, 106, 107, 108, 110, 111, 112, 114, 115, 116, 118, 119, 121, 122, 123, 124, 126, 127, 128, 129, 132, 134, 137, 138, 140, 144, 145, 146, 147, 148, 149, 150, 153, 154, 155, 156, 157, 158, 159
edgeCount: 13136
