0 670
1 452
2 275 561 513
3 90 405
4 417
5 832 289
6 570
7 687 11
8 814
9 77 209 757 123 890
10 838 914 577
11 646
12 3 151 166
13 986
16 642 831
17 997 164
18 833
19 61
20 493
21 133 652
23 996
24 952 623
25 619 319 76
27 835 747 575 597 347
28 173
29 385 527
30 766
31 431
33 633 249 540 464 340
34 910 476 867
35 471 514
37 21 63
38 290 993
39 918 522 254 351 331 700
40 632 587 180 603 571 871 437
41 801 43
42 188 787 566
44 875
45 95
47 617 864
48 686 424 961 407 86
50 609
51 781 50 954
52 593 799
54 889 948
55 336 70
56 698
57 432
58 953 401 834
59 217 515 79 980 576
61 552 636 963 581 748 919 296 696 364 466 610
62 618 380 916 281 496 562 868
63 862 537 843
64 341
65 434 992
68 866
70 110
71 958 75
72 615 108 837 809 555
73 743 335 653
74 937
75 675
76 355
81 869 167
83 614 19 595
84 62 156 736 426 304 648 746
86 113 752 211 42 680 518
87 213 144 126 279
88 669
89 33 691
90 731 473 303 762 955 454 40 709
91 468
93 448 983 370 855
94 262 214 278 120
97 299
98 825 656 206 750 272 768
103 146 462 441
104 715
105 782 257 413
109 484
110 450 121 932 574
111 546
112 772 968
114 532
116 52
117 480 612
119 851
120 688 858
122 760
123 884 175 650
124 96 895
125 344 946 505
126 751
129 440
130 305
131 174 964
132 168 410
133 472
134 102 666 73
135 957 150 51 71 651 53 517
136 745
137 428
138 707 672
139 665 14 384 237 6 944 292
140 601 423 501
142 569 122
143 72 114 839 139 310 394
144 994 208 439 798
145 414
146 735 826
147 967 383 608 753 705
148 780
151 971 325
152 634
155 342
156 982 664
157 381
159 160 579
160 99 124 179 775
161 187 263 363 446
163 559
164 729 327
165 333 212
166 548
167 56
168 419 137 917 308 883 368 935
170 324
173 39 621 85 841 430
174 158 817 793
175 804 157 201
176 101
177 791 10 887 222
178 425 899
179 521 89 284 247
180 435
181 397 770
182 846
183 739 443 306 162 622 134
184 892
185 693 942 545
186 728
187 346 105 391
192 906 790
194 47 266 215 659
196 882
197 152
198 655 100 236
