1662->[1, 36, 306]
1673->[17, 53, 151, 162, 194]
1651->[33, 44, 122]
1686->[51, 62, 163, 215]
1507->[816, 913, 950, 1151, 1155, 1208, 1280, 1340]
1546->[878, 1077, 1242, 1263, 1310, 1315]
1699->[34, 333]
1713->[64]
1494->[943, 1056, 1106, 1147, 1171, 1277, 1336, 1372]
1564->[851, 906, 974, 990]
1495->[55, 140, 157, 993, 1059]
1543->[843, 909, 944, 1160, 1231]
1523->[818, 823, 935, 1039, 1387, 1423]
1550->[918, 996, 1025, 1038, 1066, 1164, 1193, 1443, 1458]
1573->[994, 1144, 1154, 1203, 1335]
1502->[923, 1041, 1473, 1481]
1515->[879, 890, 1469]
1664->[65, 107, 201, 1216]
1547->[962, 970, 989, 995, 1051, 1069, 1100, 1292, 1378, 1426]
1714->[94, 136, 178, 187]
1697->[128, 132, 176, 398]
1712->[69, 134]
1727->[1495, 1535, 1582]
1522->[822, 896, 932, 1040, 1071, 1091, 1121, 1178, 1182, 1326, 1459]
1563->[977, 1042, 1436]
1542->[893, 1098, 1110, 1388, 1400, 1471]
1504->[840, 846, 848, 852, 1142, 1166, 1190, 1350]
1553->[946, 1079, 1191, 1200, 1224, 1237, 1248, 1255]
1716->[28, 70, 486, 672, 691, 717, 766, 784]
1717->[71]
1633->[73, 957]
1576->[829, 933, 1210, 1347]
1513->[847, 855, 920, 921, 934, 963, 971, 997, 1004, 1011, 1013, 1045, 1158, 1279, 1282, 1343]
1544->[844, 919, 1024, 1046, 1161, 1165, 1198, 1225]
1581->[1276]
1665->[172]
1719->[52, 251, 373]
1682->[186]
1720->[22, 88, 189, 379]
1520->[882, 951, 1097, 1194, 1221, 1251, 1467]
1509->[853, 907, 939, 1026, 1049, 1090, 1295, 1442, 1452, 1479]
1532->[883, 1007, 1104, 1290, 1342]
1548->[976, 1000, 1332]
1741->[5, 25, 236]
1525->[849, 880, 885, 958, 1062, 1168, 1215, 1235, 1244, 1283]
1653->[75, 237, 241, 252]
1726->[1533, 1580, 1581]
1735->[254, 266]
1723->[13, 271, 335, 809]
1705->[18, 19, 82]
1734->[30, 66, 95, 190, 216, 227, 234, 408]
1510->[952, 1058, 1213, 1313, 1383]
1537->[836, 897, 949, 1023, 1185, 1281, 1431, 1440, 1454, 1464, 1491]
1703->[54, 105, 276, 282, 303, 316, 338]
1571->[887, 889, 931, 1096, 1328, 1405]
1736->[56, 197]
1656->[57, 90, 377]
1652->[76, 247, 248, 375, 407, 1002, 1050]
1695->[191, 200, 220, 828]
1725->[1534]
1737->[58]
1672->[83, 192, 230, 313]
1582->[816, 1080]
1740->[217, 256, 304]
1499->[1102, 1212]
1500->[888, 945, 1088]
1747->[272, 369]
1689->[35, 824, 1014, 1021, 1027, 1032, 1033, 1072, 1086, 1287, 1432]
1496->[954, 1057]
1555->[895, 905, 955, 961, 972, 981]
1557->[860, 924, 979, 1003, 1153, 1233, 1323]
1568->[825, 965, 1092, 1195, 1211, 1476]
1748->[2, 110, 264, 378]
1607->[37, 40, 206, 239, 305, 307, 388, 804]
1659->[79, 257]
1756->[3, 77]
1757->[20, 50, 60, 72, 98, 101, 129, 144, 312]
1552->[1145, 1163, 1180, 1183]
1759->[89, 130, 345]
1701->[59, 360]
1528->[827, 912, 966, 1218, 1219, 1252]
1497->[830, 1083, 1201, 1286, 1386, 1470]
1657->[21]
1637->[68, 99, 127, 193, 208, 298, 371]
1770->[84, 174, 196, 258, 301, 357, 393]
1526->[975, 1103]
1517->[833]
1579->[908, 959, 1048, 1156]
1503->[957, 1001, 1397]
1574->[953, 1227, 1232, 1301, 1304, 1309, 1374]
1569->[834, 884, 991, 1012, 1054, 1116, 1157, 1222, 1373]
1572->[1105, 1174, 1264]
1521->[937, 1056, 1327]
1538->[892, 1269, 1308]
1593->[23]
1501->[857, 894, 1177, 1268]
1648->[24, 39, 142, 233, 352]
1545->[899, 914, 985, 1119, 1122, 1192, 1196, 1394, 1430, 1484]
1512->[854, 881, 973, 978, 1044, 1095, 1143, 1217, 1330, 1486, 1489]
1776->[38, 113, 121]
1709->[339]
1777->[80, 259]
1612->[1333]
1702->[116, 207, 245, 249, 348, 354, 389, 901]
1608->[1420]
1505->[837, 1246]
1536->[1146]
1780->[114, 347, 366]
1530->[1380]
1529->[850, 900, 903, 969, 1285]
1674->[78, 811]
1498->[1278, 1390, 1403, 1441, 1465]
1684->[261]
1632->[96]
1708->[4, 8, 104, 168]
1666->[12, 160, 175, 204, 311, 359]
1707->[148, 183, 253, 391, 808]
1508->[910, 987, 1228, 1229]
1506->[859, 930, 1053, 1223, 1230, 1238, 1284, 1297, 1449]
1565->[960, 1068, 1112]
1511->[904, 916, 928, 938, 1093, 1148, 1312, 1450]
1567->[1334]
1691->[177, 314]
1667->[10, 41, 126, 213, 346]
1864->[139, 143]
1645->[42]
1630->[365, 376]
1873->[273, 278, 349]
1516->[964, 988, 1152, 1300]
1646->[43, 319]
1688->[274]
1519->[1187, 1425, 1461]
1698->[265, 299, 980]
1940->[317]
1942->[392]
1647->[146, 195]
1668->[97, 341, 400, 1435]
1958->[180, 355, 358, 394]
1957->[275]
1514->[1107]
1694->[7, 405]
1562->[1015, 1067, 1324, 1424, 1466]
1967->[260, 396]
1518->[1162]
1535->[992, 1005, 1205, 1207, 1303, 1396, 1437]
1984->[155, 277, 327]
1531->[831, 940, 941, 1179]
1541->[838, 936, 1061, 1266]
1533->[819, 1064, 1307, 1393]
1584->[46, 179, 283, 310]
1661->[86, 147, 381, 383]
1527->[898, 1029, 1428]
1690->[198]
2010->[166, 308, 318, 321, 332, 382, 403, 814]
478->[1497, 1543, 1547, 1555, 1572, 1585, 1586, 1588, 1589, 1593, 1602, 1617, 1640, 1658, 1686, 1707, 1740, 1743, 1777, 1779, 1785, 1815, 1853]
1524->[1220]
2016->[410, 413, 448, 663, 684, 688]
2017->[414, 421, 457, 515, 562, 586]
1551->[1052, 1070]
1627->[202, 802]
2025->[438, 453, 601, 614]
2026->[426, 430, 431, 444, 471, 525, 548, 549, 582, 630, 687, 738, 746]
2027->[420, 450, 522, 751, 783, 798]
1534->[1482]
2031->[262]
2032->[145, 153, 246, 267, 343, 1337]
1641->[74, 203, 293, 294, 364]
2099->[423, 470, 558, 561, 587, 600, 610, 639, 693, 704, 725, 735, 743, 753]
1687->[481]
2100->[205]
1606->[26, 45]
2104->[422, 427, 436, 534, 573, 622, 638, 668, 683, 685, 709, 733, 787]
2018->[458, 541]
2108->[412, 429, 455, 485, 489, 492, 513, 521, 542, 551, 567, 594, 625, 632, 678, 692, 713, 734, 736, 775, 776, 778, 780, 794]
2109->[445, 509, 526, 540, 554, 568, 578, 628, 797]
1578->[917, 1451]
2112->[32, 112, 124, 133, 169, 170, 397, 803]
1558->[1434]
2120->[342, 500, 503, 671, 750]
2121->[411, 440, 467, 512, 518, 523, 577, 584, 588, 598, 654, 664, 722, 732, 744, 769, 779]
1540->[1047, 1338, 1422]
2132->[479, 530, 552, 585, 592, 632, 646, 730, 777]
2164->[575]
2169->[1523, 1527, 1536, 1537, 1542, 1551, 1553, 1560, 1571, 1574, 1587, 1608, 1641, 1668, 1678, 1688, 1693, 1704, 1731, 1732, 1784, 1789, 1803, 1804, 1839, 1852, 2455]
2171->[1500, 1540, 1636]
2192->[1499, 1564, 1567, 1583, 1611, 1648, 1659, 1661, 1666, 1667, 1687, 1739, 1763, 1817, 1823, 1846, 1856]
2190->[434, 442, 443, 447, 451, 456, 460, 466, 491, 498, 533, 569, 599, 604, 605, 617, 644, 649, 682, 703, 707, 726, 756, 781, 782, 786]
2170->[1502, 1685]
2194->[154, 441, 449, 454, 464, 474, 482, 493, 517, 537, 555, 581, 583, 591, 624, 633, 662, 666, 679, 680, 724, 727]
2195->[514, 653]
1635->[188, 350]
2295->[490, 511, 531, 618, 634, 659, 700, 793]
2298->[63, 263, 324, 337, 367]
2299->[424, 435, 465, 468, 483, 502, 543, 574, 593, 608, 640, 656, 667, 697, 714, 716, 741]
1654->[290, 806]
2300->[380, 497, 516, 557, 597, 790, 796]
2568->[240, 269, 813]
2304->[320, 322]
2577->[300]
2697->[579, 642, 648]
2702->[641]
2703->[478, 645, 690, 770]
2701->[473, 505, 576, 606, 607, 609, 615, 619, 626, 686, 701, 702, 710, 712, 719, 763, 792]
2700->[137]
2710->[425, 463, 469, 553, 635, 655, 723]
2711->[446, 472, 1444]
2713->[279]
3128->[374, 437, 484, 527, 616, 636, 720, 740, 749, 772, 791, 801]
2168->[1584, 1612, 1776]
1559->[1006, 1043, 1089]
3188->[280]
2019->[416, 433, 503, 504, 564, 612, 621, 647, 681, 765, 767, 768, 788, 800]
3168->[1646, 1651, 1690, 1726, 1728]
3192->[536, 572, 580, 590, 603, 658, 706, 731, 748]
1577->[372, 1439]
3200->[452, 461, 520, 613, 620, 669, 947, 1240]
3220->[550, 589, 728, 1039]
1675->[199, 238]
3238->[226, 231, 281, 334, 370]
4033->[1643, 1649]
4153->[480, 488, 525, 570, 675, 681, 1008, 1384]
4180->[1729, 1780, 1813]
1539->[1175, 1206, 1253, 1291, 1302, 1353, 1429]
4195->[755, 1226]
2704->[807]
4196->[528, 545, 752]
4197->[499, 539, 602, 649, 673, 694, 718, 747, 759, 793, 799, 1181]
4194->[1691, 1816]
4217->[150, 336, 1169]
4218->[302, 1009, 1109, 1385]
4219->[506, 524, 732, 967, 1184]
4292->[47, 289, 401, 842, 1074, 1104]
4283->[1652, 1851]
4403->[439, 507, 538, 560, 715]
4420->[323, 459, 462, 487, 546, 651]
4424->[532, 595, 623, 771]
4434->[11, 209, 214, 229, 285, 404]
1588->[109, 138, 159, 210]
4444->[1538, 1637, 1654, 1656, 1679, 1711, 2452]
4435->[29, 211, 284, 384]
4438->[295, 326, 387, 395, 1186, 1197, 1483]
4436->[87, 998, 1055]
4437->[1010, 1076]
4440->[745, 926, 1111]
4448->[432, 637, 660, 927, 1081, 1241, 1346]
4450->[1504]
1583->[982, 1016, 1352, 1395, 1452]
4455->[1695, 1818]
4496->[1506, 1520, 1552, 1570, 1607, 1613, 1619, 1620, 1621, 1665, 1708, 1710, 1724, 1735, 1746, 1762, 1772, 1801, 1806, 1812, 1830, 1833, 1844]
4494->[330, 353, 419, 547, 650, 670, 696, 757, 773, 1190, 1293, 1296]
4498->[1507, 1516, 1899, 1901, 1936, 1989, 2076, 2100, 2124, 2143, 2216, 2273, 2340, 2368, 2386, 2413, 2417, 2426]
4445->[1730, 2300]
1580->[1188]
4453->[1511]
4452->[1657, 1866, 1952, 2246, 2517]
4515->[27, 340, 344, 891, 929, 1149]
4535->[1694]
4532->[1660]
1634->[100, 103, 329, 385]
4546->[494, 508, 510, 535, 661, 674, 698, 968, 1082]
4550->[1616, 1782, 1854]
1866->[6]
4531->[1514, 1859, 2316]
4548->[1522, 1561, 1594, 1650, 1696, 1702, 1727, 1802, 1822, 1840, 1841]
4616->[48, 286]
4747->[1508, 1700]
4733->[173]
4743->[417, 519, 627, 754, 1247, 1294]
4961->[212, 328, 351, 983, 1065]
4500->[1769, 1875, 1929, 2189]
4829->[1861, 1869, 1889, 1916, 1933, 1935, 2002, 2016, 2019, 2205, 2306, 2321, 2349, 2354, 2387, 2443, 2491, 2498, 2508]
4873->[1948, 2022, 2062, 2119, 2154, 2195, 2355, 2519]
4959->[2204, 2222, 2243, 2325, 2482]
4869->[2210]
4877->[2221]
4960->[1905]
4807->[1918, 2372]
4726->[475, 629, 737]
4846->[1938, 1977, 2085, 2265]
1677->[361]
4958->[1877]
4865->[1955, 2093]
4762->[1860, 1891, 1896, 1915, 1938, 1942, 2072, 2208, 2223, 2227, 2242, 2245, 2281, 2297, 2362, 2374, 2416]
4454->[1928, 1931, 1960, 1981, 2024, 2038, 2051, 2099, 2163, 2233, 2257, 2370]
4872->[1964, 2277, 2287]
4745->[1531, 1698, 1734, 1794, 1819]
5026->[287]
5003->[1505, 1558, 1559, 1562, 1565, 1597, 1622, 1655, 1742, 1750, 1751, 1752, 1754, 2453]
4910->[1662]
4939->[2456]
4451->[1925, 1945, 1990, 2220, 2236, 2389, 2410, 2446, 2470]
4806->[1885, 1988, 2049, 2060, 2139, 2285]
4746->[1501, 1524, 1573, 1576, 1577, 1578, 1579, 1615, 1638, 1689, 1725, 1733, 1753, 1807, 1809, 1821, 1826, 1827, 1828]
5007->[1919, 1949, 1965, 1972, 1979, 1995, 2043, 2044, 2048, 2050, 2066, 2091, 2137, 2148, 2235, 2238, 2244, 2249, 2252, 2280, 2347, 2351, 2375, 2406, 2473]
5036->[1908, 1932, 1993, 1994, 2196, 2212, 2234, 2291, 2425]
5035->[1874, 1909, 1956, 1959, 1984, 1986, 2034, 2105, 2129, 2133, 2159, 2216, 2225, 2251, 2253, 2254, 2260, 2314, 2338, 2353, 2399, 2441, 2460, 2480, 2487, 2505, 2506]
5005->[1824]
5037->[181, 409]
5008->[1862, 1992, 2052, 2055, 2063, 2096, 2267, 2292, 2310, 2490]
4797->[2065, 2071, 2097, 2171, 2295, 2458]
4931->[1517, 1518, 1705, 1744, 1749, 1756, 1758, 1778, 1790, 1798, 1799, 1834, 1980, 2259, 2311, 2415, 2499]
4946->[1890, 1930, 1951, 1971, 2018, 2031, 2045, 2067, 2083, 2114, 2179, 2191, 2214, 2359, 2360, 2381, 2385, 2388, 2466, 2522]
1613->[402]
4903->[1881, 2029, 2472]
5058->[149, 165, 171, 242, 309, 810, 812, 984, 1199, 1236]
4955->[1864, 1893, 2074, 2117, 2271, 2288, 2309, 2383]
4443->[1940]
5074->[1865, 1887, 1978, 1980, 1996, 2005, 2042, 2058, 2064, 2094, 2108, 2202, 2239, 2258, 2344, 2346, 2404, 2437, 2485, 2503, 2523]
5057->[415, 428, 476, 643, 657, 689, 721, 739, 742, 758, 761, 764, 795, 1018, 1118, 1159, 1170, 1349]
4563->[362, 922]
5085->[2332]
5096->[102, 1288, 1329]
5093->[2222]
4849->[2459]
4750->[1519, 1521, 1525, 1590, 1664, 1701, 1754, 1796, 1797]
5095->[1697]
4748->[1554, 1681, 1736, 1764, 1791, 1820, 1838]
1679->[292, 338, 1298]
4773->[1883]
5124->[1618]
4898->[1882, 1920, 1944, 1957, 2008, 2032, 2135, 2269, 2326, 2336, 2350, 2390, 2418]
5123->[1628, 1629, 1644, 1663, 1684, 1716, 1738, 1745, 1792, 1847]
5094->[1503, 1692, 1703, 1737, 1825, 1832]
1575->[1204, 1256]
5100->[915, 1075, 1084, 1258]
4529->[1528, 1546, 1568, 1631, 1720, 1747, 1748, 1837]
4768->[1953, 1974, 2059, 2073, 2089, 2302, 2333, 2342, 2358, 2377, 2445]
4862->[2365]
5157->[14, 986, 1085, 1289]
5148->[1548, 1639, 1699, 1795]
4949->[1556, 2106]
5161->[477, 501, 571, 665, 711, 1020]
5172->[2207, 2477]
1625->[1448]
5182->[2039]
5190->[1863, 1967, 2080, 2162]
4766->[1829]
5199->[2278]
5197->[2493]
5201->[2006, 2343]
5202->[1941]
4937->[2164, 2315]
4905->[1968, 2003, 2175, 2400, 2409, 2440, 2461, 2511]
1639->[288, 291, 406]
5207->[418, 495, 496, 565, 631, 652, 677, 699, 708, 729, 762, 774, 785, 1485]
1681->[67]
4944->[2020, 2068, 2127, 2327, 2405, 2509]
5214->[1793]
1556->[942, 1078, 1167, 1189, 1260]
5220->[61, 368, 390]
4909->[2009, 2250, 2373]
1663->[108]
4957->[1867, 1907, 1963, 2037, 2082, 2181, 2199, 2329, 2412]
4948->[1895, 2213, 2293, 2483]
5242->[948, 1063, 1457]
4880->[2140, 2174]
4856->[2118]
4756->[1557]
4837->[1888, 1958, 2013, 2075, 2121, 2155, 2248, 2303, 2341, 2382, 2419, 2433, 2450, 2463, 2492]
5247->[1421]
5244->[695]
4882->[1962, 2286, 2337]
4945->[1911, 1970, 2478]
5263->[156]
5272->[1921, 1922, 1934, 1997, 2007, 2015, 2087, 2167, 2206, 2305, 2403, 2448, 2481, 2484]
5271->[2120]
4878->[2141, 2457]
1586->[15, 119, 184, 315]
5283->[2229]
5273->[1943, 2190, 2215, 2428]
5275->[902, 1028, 1257, 1399]
5274->[2430]
4784->[1923, 1987, 2011, 2033, 2041, 2142, 2157, 2197, 2328, 2352, 2356, 2402, 2436, 2500]
5294->[1262, 1341, 1447, 1456, 1462]
5297->[223, 331, 363]
5250->[886, 911, 956, 1060, 1087, 1245, 1254, 1265, 1267, 1272, 1480]
5299->[1356, 1455, 1463]
5262->[1124, 1202, 1209, 1453]
4934->[1950, 2177, 2178, 2270, 2357, 2434]
1638->[218]
1704->[91]
5281->[1259, 1314]
1693->[131, 232]
4755->[2107]
4871->[2053, 2169]
5305->[9, 106, 117, 135]
5307->[1592, 1836]
1685->[219]
5304->[1897, 2056, 2182, 2217]
5308->[1676, 1835, 1855]
5311->[111, 115]
5309->[1305, 1478]
5248->[1306, 1472]
5280->[1261, 1477]
5312->[544, 559, 563, 676, 760]
1592->[243]
5325->[1438, 1446]
5320->[1427, 1445]
1883->[224, 356, 386]
5321->[1868, 1878, 1879, 1946, 2136, 2228, 2319, 2369, 2378, 2431, 2507]
5310->[1073, 1468]
4943->[2125, 2479]
4922->[1913]
5326->[1910, 2268]
5328->[164, 250, 268]
4786->[1898, 1912, 2128, 2379, 2442, 2520]
5336->[2036, 2057, 2255, 2447]
1623->[158]
5342->[1512, 1541, 1563, 1575, 1623, 1669, 1675, 1718, 1768, 1770, 2454]
1969->[182, 325]
5348->[2237]
4831->[1886, 2317, 2462, 2495]
5338->[2086, 2146, 2172]
4956->[1914]
5351->[1510, 1526, 1569, 1591, 1595, 1647, 1714, 1766, 1775, 1811, 1814, 1843]
5355->[167, 221]
5340->[1870, 1872, 1969, 2198, 2289, 2294, 2312, 2348]
5279->[925, 1299]
5343->[1498, 1509, 1515, 1530, 1545, 1550, 1599, 1614, 1626, 1674, 1677, 1680, 1712, 1773, 1774, 1786, 1849]
5339->[1902, 2017, 2040, 2078, 2110, 2126, 2147, 2184, 2193, 2262, 2345, 2367, 2384, 2451, 2510]
1644->[222]
5371->[1917, 2134, 2230, 2429]
5277->[1172, 1270, 1474]
5369->[1903, 1924, 1947, 2084, 2088, 2102, 2111, 2131, 2183, 2185, 2201, 2224, 2380, 2427, 2444, 2467, 2486]
5315->[1094, 1176, 1355]
5378->[1513, 1549, 1603, 1625, 1671, 1672, 1709, 1759, 1805, 1831]
5400->[1030, 1475]
5402->[566]
1683->[161]
5278->[1460]
4796->[2061, 2158, 2296]
4822->[2077, 2308, 2334]
4782->[1673]
5255->[1311]
5446->[92]
5449->[556, 611, 789]
5454->[1800]
5453->[1765, 1781]
5455->[1566, 1609, 1630, 1682, 1741, 1755, 1760, 1808, 1857]
5456->[1713]
4812->[2122, 2188]
5461->[152]
5457->[2023, 2130, 2471]
5464->[1961, 1983, 2012, 2112, 2151, 2170, 2231]
5470->[1884]
4767->[1900, 1954, 2145, 2161, 2299, 2363, 2432]
5469->[1880, 2054, 2115, 2187, 2219, 2241, 2247, 2272, 2282, 2420, 2438, 2464]
4825->[2465]
5473->[1624]
4803->[2513]
5478->[118]
5465->[2010, 2101, 2149, 2150, 2165, 2211, 2264, 2361, 2392, 2393, 2501, 2514]
5474->[1600, 1642, 1767]
5477->[2014, 2330]
5483->[296]
4950->[2474]
4764->[2218]
5487->[123, 228, 270, 815]
5515->[1842]
5516->[1539, 1715, 2366]
5475->[1761]
5521->[255]
5806->[1873, 2004, 2030, 2109, 2160, 2275]
5797->[141]
5779->[81]
5805->[2290, 2391]
5251->[1150, 1433, 1490]
5808->[2414]
5807->[1989, 2304, 2320, 2395, 2396]
5488->[862, 866, 868, 873, 1130]
5490->[861, 863, 865, 869, 874]
5497->[1126]
5494->[1127, 1128, 1129, 1139, 1214, 1275, 1320, 1321, 1371]
5493->[1099, 1101]
5496->[1113, 1120, 1135, 1249, 1414]
5498->[1115, 1123, 1127, 1271, 1406]
5500->[1389, 1391, 1398, 1408, 1411, 1417]
5491->[841, 845, 1239, 1494]
5492->[866, 872, 1358]
5489->[820, 864, 867, 1379, 1381, 1402, 1410, 1412, 1413, 1416, 1418]
5502->[1274, 1344, 1351, 1367, 1368, 1370]
5499->[821, 832, 835, 1131, 1133]
5504->[1108, 1113, 1114]
5505->[858, 1132, 1339, 1365, 1407]
5507->[1117, 1134, 1375, 1409]
5506->[856, 876, 1036, 1136, 1138, 1140, 1348, 1359, 1377, 1382, 1401, 1415]
5503->[871, 1325, 1345, 1357, 1361, 1366, 1413]
5510->[870, 1137, 1360, 1364]
5509->[856, 1354, 1362]
5813->[120]
4861->[2494]
4929->[1906, 1973, 2081, 2283, 2307, 2475]
5476->[1496, 1683, 1717, 1845]
5812->[1487]
1615->[31, 49]
4804->[2025, 2073, 2116, 2276, 2385, 2421, 2475, 2488, 2518]
5775->[1529, 1544, 1598, 1604, 1605, 1627]
5879->[1532, 1606, 1632, 1634, 1670, 1719, 1722, 1787, 1788]
5501->[1363, 1369]
5889->[1706, 1721, 1771, 1848]
5914->[1892, 1926, 1939, 1982, 1985, 1998, 2134, 2263, 2394, 2496]
5911->[2322]
5800->[1596, 1633]
5920->[93]
5912->[1871, 1966, 2035, 2070, 2090, 2092, 2103, 2152, 2173, 2200, 2274, 2313, 2407, 2422, 2468]
1678->[125]
5913->[1876, 1937, 2176, 2192, 2256, 2284, 2318, 2335, 2376, 2411, 2476]
5915->[2144]
5933->[877, 1488]
1650->[244]
5991->[1976, 2098, 2298, 2301, 2324, 2339, 2469]
5987->[2331]
5990->[2168, 2449]
4952->[1991, 2153, 2515]
4818->[2261]
6000->[2240]
4826->[2113]
5989->[2021, 2439]
6013->[1243, 1249, 1331]
6011->[1234, 1250, 1273]
6012->[839]
6040->[1653, 1858]
1696->[225]
6042->[805]
6043->[826, 1492]
6056->[529, 596]
6058->[85]
1671->[297]
6084->[16]
6088->[1975, 1978, 2069, 2095, 2279, 2504, 2512]
6087->[2156]
6086->[1894]
4887->[2266, 2323]
6134->[705]
6137->[2046]
6139->[1904]
6138->[1900, 2371, 2497]
4780->[2026, 2079, 2397, 2408]
4853->[2123]
6146->[1022, 1031, 1035, 1125, 1376, 1419]
6194->[1927, 2203]
6195->[1999, 2028, 2398]
6193->[2132, 2138]
4814->[2209]
4841->[2186]
6214->[999, 1034, 1037]
6219->[817, 1318, 1493]
6225->[1601, 1610, 1635, 1645, 1850]
6227->[1757]
6226->[1810]
6196->[2047, 2180, 2423, 2424]
6215->[1017]
1658->[235]
4920->[1723, 1783]
6247->[2232]
6238->[1137, 1317]
4832->[2000, 2166, 2435, 2489]
6277->[1173]
4772->[2104]
4936->[2194, 2401]
4770->[2364, 2516]
6273->[2521]
6243->[2001, 2226]
6241->[1141]
6274->[2502]
6085->[1316]
6242->[1319]
6312->[185]
5897->[875, 1322]
6236->[1019]
6308->[1404]
4927->[2027]
6332->[1392]
1599->[399]
