0: 0, 460, 561
1: 1, 386, 806
2: 2, 12, 15, 25, 49, 57, 64, 87, 94, 111, 166, 174, 180, 189, 241, 251, 259, 294, 335, 362, 363, 390, 397, 401, 449, 496, 497, 500, 501, 509, 531, 540, 545, 547, 591, 663, 673, 677, 685, 706, 766, 778, 786, 830, 840, 849, 857, 881, 919, 921, 927, 954, 997, 998
3: 3, 15, 103, 105, 137, 221, 363, 394, 422, 464, 466, 579, 581, 719, 749, 815, 881, 918, 945, 958, 970, 994
4: 4, 532, 639, 652
5: 5
6: 6, 72, 139, 351, 513, 545, 589
7: 7, 487, 628, 634, 799
8: 8, 39, 317, 445, 946
9: 9, 249, 488, 548, 611, 640, 822, 941
10: 10, 246, 289, 622, 658, 679
11: 11, 49, 72, 183, 223, 240, 251, 351, 501, 547, 570, 587, 649, 778
12: 2, 12, 14, 15, 25, 49, 57, 64, 87, 94, 111, 164, 166, 180, 189, 229, 251, 294, 362, 363, 397, 399, 464, 477, 485, 496, 500, 501, 531, 540, 545, 547, 569, 630, 663, 673, 677, 706, 766, 786, 840, 847, 849, 857, 881, 919, 921, 927, 954, 997, 998
13: 13
14: 12, 14, 25, 57, 94, 142, 155, 166, 189, 199, 229, 335, 362, 397, 401, 419, 496, 515, 535, 545, 569, 607, 673, 685, 700, 706, 710, 717, 788, 830, 849, 893, 916, 919, 921, 927, 935, 954, 965
15: 2, 3, 12, 15, 25, 49, 50, 64, 94, 152, 294, 363, 373, 390, 399, 464, 477, 500, 501, 509, 540, 547, 569, 591, 645, 673, 778, 786, 815, 846, 857, 881, 921, 998
16: 16, 231, 247, 596, 832, 984, 991
17: 17, 72, 113, 210, 239, 296, 559, 618, 659, 700, 743, 803, 830, 913, 933, 942
18: 18, 744
19: 19, 519, 655, 709, 989
20: 20, 544, 838
21: 21, 26, 182, 232, 417
22: 22, 23, 109, 185, 193, 326, 701, 798
23: 22, 23, 193, 227, 326, 658, 770, 821
24: 24, 517, 670, 716, 826, 845, 971
25: 2, 12, 14, 15, 25, 49, 57, 64, 87, 94, 111, 164, 166, 180, 189, 199, 201, 239, 251, 255, 294, 362, 363, 397, 416, 451, 485, 496, 500, 501, 531, 540, 547, 569, 591, 616, 630, 632, 663, 673, 683, 703, 706, 710, 766, 778, 786, 798, 815, 840, 846, 847, 849, 857, 871, 881, 893, 895, 919, 921, 927, 935, 954, 997, 998
26: 21, 26, 71, 232, 526, 838, 952
27: 27, 49, 64, 69, 214, 296, 431, 446, 451, 485, 528, 568, 649, 703, 794, 819, 831, 927
28: 28, 795
29: 29, 568
30: 30
31: 31, 109, 117, 185, 340, 421, 550, 690, 739, 760, 769, 900
32: 32, 342, 634, 875, 923
33: 33, 805
34: 34, 795
35: 35
36: 36, 415
37: 37, 366, 682
38: 38, 182, 206, 322, 447, 988
39: 8, 39, 317, 365, 445, 492, 575, 813, 824
40: 40, 85, 444, 448, 464, 509, 810, 834
41: 41, 52, 80, 174, 219, 341, 390, 394, 395, 422, 466, 496, 591
42: 42, 178, 210, 589
43: 43, 115, 406, 530, 833
44: 44
45: 45
46: 46, 253
47: 47, 59, 145, 149, 194, 331, 383, 384, 421, 498, 522, 550, 562, 689, 748, 874, 961, 974
48: 48, 130, 305, 410, 445, 551, 670, 826
49: 2, 11, 12, 15, 25, 27, 49, 52, 64, 87, 94, 111, 166, 180, 189, 251, 363, 368, 399, 446, 477, 497, 500, 501, 531, 540, 547, 569, 580, 607, 630, 638, 663, 673, 685, 706, 766, 778, 786, 840, 846, 847, 857, 881, 919, 921, 927, 935, 949, 985, 998
50: 15, 50, 137, 221, 394, 422, 466, 569, 645, 673, 935
51: 51, 268
52: 41, 49, 52, 174, 254, 259, 335, 362, 368, 401, 496, 497, 500, 535, 545, 547, 569, 580, 673, 700, 778, 786, 840, 849, 919, 927, 935, 954
53: 53
54: 54
55: 55
56: 56, 236
57: 2, 12, 14, 25, 57, 64, 87, 94, 111, 164, 166, 189, 199, 251, 362, 363, 397, 501, 531, 540, 547, 607, 616, 663, 673, 683, 706, 766, 771, 798, 821, 830, 840, 847, 849, 857, 881, 908, 921, 927, 954, 998
58: 58
59: 47, 59, 149, 340, 383, 421, 498, 501, 689, 690, 748, 759, 874, 900, 911, 922, 961, 977
60: 60, 124, 231, 301, 354, 386, 402, 433, 458, 480, 523, 551, 567, 572, 588, 712, 892, 920, 979
61: 61, 115, 121, 192, 235, 530, 533, 639, 730, 747
62: 62
63: 63, 71, 106, 108, 161, 182, 232, 275, 322, 340, 417, 447, 526, 690, 737, 739, 769, 943, 952, 955, 999
64: 2, 12, 15, 25, 27, 49, 57, 64, 87, 94, 111, 142, 149, 166, 171, 180, 189, 201, 229, 230, 251, 335, 362, 381, 397, 399, 401, 431, 477, 497, 500, 501, 531, 535, 540, 547, 569, 616, 630, 633, 638, 663, 673, 706, 756, 771, 781, 786, 787, 798, 830, 831, 840, 846, 847, 849, 857, 871, 881, 895, 906, 919, 921, 927, 935, 949, 954, 985, 997, 998
65: 65, 157
66: 66
67: 67
68: 68, 209, 432
69: 27, 69, 210, 446, 803, 819, 942
70: 70, 385, 846
71: 26, 63, 71, 232, 322, 526, 536, 600, 737, 739, 952
72: 6, 11, 17, 72, 139, 211, 215, 315, 351, 503, 515, 518, 570, 587, 589, 743, 803, 830, 913, 919, 953
73: 73
74: 74
75: 75
76: 76
77: 77
78: 78, 120, 132, 702, 926
79: 79, 111, 142, 185, 189, 198, 201, 227, 237, 254, 259, 335, 349, 358, 399, 401, 449, 466, 474, 477, 480, 496, 540, 607, 616, 618, 621, 630, 631, 638, 658, 673, 685, 692, 696, 700, 717, 723, 781, 784, 798, 800, 821, 830, 846, 871, 906, 916, 919, 927, 949, 953, 954, 965, 985
80: 41, 80, 174, 259, 363, 390, 395, 422, 444, 509, 591, 766, 834
81: 81, 454
82: 82, 172, 225, 299, 836
83: 83, 90, 485, 741, 851
84: 84, 235, 293, 495, 747
85: 40, 85, 138, 395, 422, 444, 581, 607, 944
86: 86
87: 2, 12, 25, 49, 57, 64, 87, 94, 111, 166, 180, 189, 201, 227, 237, 241, 251, 259, 335, 339, 363, 381, 390, 397, 401, 449, 496, 500, 501, 531, 535, 540, 545, 547, 616, 618, 638, 659, 663, 685, 700, 706, 766, 771, 778, 787, 798, 821, 830, 840, 847, 857, 871, 881, 882, 895, 906, 921, 927, 953, 954, 973, 985, 997, 998
88: 88, 558, 972
89: 89
90: 83, 90, 241, 504, 677, 831
91: 91, 126, 148, 277, 316, 431, 453, 568, 882, 973
92: 92
93: 93, 200, 343, 577, 897, 971
94: 2, 12, 14, 15, 25, 49, 57, 64, 87, 94, 111, 155, 164, 166, 180, 189, 199, 201, 230, 239, 251, 259, 335, 362, 363, 381, 397, 401, 414, 416, 500, 501, 509, 531, 535, 540, 545, 547, 587, 616, 630, 633, 645, 659, 663, 673, 683, 685, 700, 706, 710, 766, 778, 787, 830, 840, 847, 849, 857, 881, 889, 895, 906, 919, 921, 922, 927, 935, 953, 954, 997, 998
95: 95, 245
96: 96, 149, 379, 383, 420, 689, 748, 796, 807, 880, 922, 929, 961, 977
97: 97, 348, 619
98: 98, 434
99: 99, 682
100: 100, 138, 435, 514, 627, 834, 863, 964
101: 101, 148, 183, 211, 255, 316, 338, 377, 396, 431, 570, 713, 773, 885, 893
102: 102
103: 3, 103, 330, 579, 610, 773, 815, 852, 945
104: 104, 296, 401
105: 3, 105, 221, 363, 394, 464, 466, 509, 581, 719, 749, 766, 815, 918, 945, 964, 970, 994
106: 63, 106, 182, 322, 388, 417, 447, 656, 712, 737, 772
107: 107, 195
108: 63, 108, 168, 207, 312, 322, 344, 450, 489, 491, 600, 682, 767, 804, 938, 955
109: 22, 31, 109, 142, 185, 421, 522, 550, 717, 900
110: 110, 123
111: 2, 12, 25, 49, 57, 64, 79, 87, 94, 111, 142, 166, 180, 189, 201, 227, 237, 251, 254, 255, 259, 294, 335, 339, 363, 381, 397, 399, 401, 407, 449, 477, 496, 500, 501, 531, 540, 547, 565, 591, 607, 616, 618, 630, 631, 638, 658, 659, 663, 673, 685, 692, 700, 706, 766, 771, 781, 786, 787, 794, 798, 807, 821, 830, 840, 846, 847, 849, 857, 871, 881, 882, 906, 908, 916, 919, 921, 927, 953, 954, 973, 997
112: 112
113: 17, 113, 198, 442, 559, 631, 732, 913
114: 114
115: 43, 61, 115, 304, 327, 492, 639, 833
116: 116, 195
117: 31, 117, 161, 326, 340, 755, 759, 900, 922
118: 118
119: 119, 290, 352, 375
120: 78, 120, 266, 437, 439, 823, 956
121: 61, 121, 150, 192, 327, 606, 653, 730, 966, 976
122: 122, 359
123: 110, 123
124: 60, 124, 301, 354, 402, 433, 523, 536, 541, 551, 567, 572, 588, 712, 737, 892, 920, 979, 984
125: 125, 600
126: 91, 126, 148, 181, 215, 277, 279, 308, 343, 453, 552, 574, 603, 605, 969
127: 127
128: 128, 312, 507, 869
129: 129, 327, 357
130: 48, 130, 227, 323, 410, 445, 670, 716, 826
131: 131
132: 78, 132, 270, 332, 702, 795, 926
133: 133, 432, 594
134: 134
135: 135, 642, 763, 819
136: 136, 360, 962
137: 3, 50, 137, 219, 221, 318, 394, 422, 466, 581, 704, 749, 815, 918, 945
138: 85, 100, 138, 373, 435, 536, 627, 834, 964
139: 6, 72, 139, 151, 183, 215, 351, 401, 407, 503, 515, 518, 552, 667, 713, 792
140: 140, 440
141: 141, 284, 299, 493, 599, 836
142: 14, 64, 79, 109, 111, 142, 155, 166, 185, 189, 198, 201, 229, 230, 254, 335, 349, 358, 362, 399, 401, 449, 474, 477, 496, 531, 535, 565, 569, 616, 630, 631, 659, 663, 673, 685, 692, 696, 700, 706, 717, 723, 752, 781, 792, 798, 821, 830, 846, 849, 871, 895, 906, 916, 919, 927, 935, 953, 954, 965
143: 143, 370
144: 144
145: 47, 145, 194, 331, 383, 414, 421, 498, 620, 689, 748, 874, 922, 974, 977
146: 146, 212, 480, 538, 541, 551
147: 147, 844, 990
148: 91, 101, 126, 148, 201, 255, 277, 279, 316, 338, 377, 382, 407, 453, 552, 570, 603, 616, 621, 630, 633, 732, 792, 798, 846, 893, 895, 906, 969, 986
149: 47, 59, 64, 96, 149, 193, 326, 356, 379, 383, 421, 498, 522, 689, 690, 748, 796, 807, 874, 880, 922, 929, 961, 977
150: 121, 150, 163, 285, 653, 721, 757
151: 139, 151, 183, 279, 396, 407, 453, 568
152: 15, 152, 208, 413, 645, 829, 936
153: 153, 202, 637, 640
154: 154
155: 14, 94, 142, 155, 166, 198, 199, 229, 237, 335, 362, 397, 401, 419, 449, 496, 531, 535, 545, 569, 618, 659, 663, 673, 685, 700, 706, 710, 717, 788, 830, 849, 889, 919, 953, 954, 997
156: 156, 165, 336, 884
157: 65, 157
158: 158
159: 159, 282, 559
160: 160, 468, 615, 645
161: 63, 117, 161, 193, 322, 326, 340, 417, 690, 767
162: 162, 284
163: 150, 163, 721
164: 12, 25, 57, 94, 164, 547, 683, 706, 771, 840, 857, 921, 998
165: 156, 165
166: 2, 12, 14, 25, 49, 57, 64, 87, 94, 111, 142, 155, 166, 180, 189, 199, 201, 230, 241, 251, 259, 335, 362, 363, 381, 397, 399, 401, 414, 449, 477, 496, 501, 531, 535, 540, 545, 547, 569, 570, 616, 630, 633, 659, 663, 673, 677, 685, 700, 706, 710, 766, 778, 787, 798, 830, 840, 847, 849, 857, 871, 881, 882, 895, 906, 919, 921, 927, 953, 954, 997, 998
167: 167
168: 108, 168, 207, 312, 329, 452, 489, 532, 600, 652, 672, 728, 774, 804, 806, 838, 938, 947, 955
169: 169
170: 170, 305, 410, 538, 670, 845
171: 64, 171, 446, 485, 642, 819
172: 82, 172, 225, 299, 440, 674
173: 173
174: 2, 41, 52, 80, 174, 251, 259, 335, 358, 362, 363, 390, 395, 401, 449, 496, 497, 509, 545, 580, 581, 591, 636, 673, 766, 830, 840, 918, 919, 944, 953
175: 175
176: 176
177: 177, 697, 905
178: 42, 178, 632, 885, 893
179: 179, 208, 356, 379, 383, 420, 498, 796, 807, 874, 880, 929, 977
180: 2, 12, 25, 49, 64, 87, 94, 111, 166, 180, 189, 227, 237, 251, 363, 381, 397, 401, 496, 500, 501, 531, 540, 545, 547, 565, 663, 683, 685, 706, 766, 778, 830, 840, 847, 857, 871, 881, 919, 921, 927, 997, 998
181: 126, 181, 212, 279, 308, 453, 474, 552
182: 21, 38, 63, 106, 182, 232, 322, 347, 388, 417, 447, 489, 656, 737, 772, 952
183: 11, 101, 139, 151, 183, 223, 279, 291, 377, 396, 407, 587, 598, 625, 773, 819, 827, 840, 856, 881, 885, 893
184: 184
185: 22, 31, 79, 109, 142, 185, 198, 254, 631, 692, 696, 717, 965
186: 186, 504
187: 187, 776
188: 188, 772, 862
189: 2, 12, 14, 25, 49, 57, 64, 79, 87, 94, 111, 142, 166, 180, 189, 227, 251, 255, 335, 363, 381, 397, 399, 401, 407, 449, 477, 496, 531, 540, 545, 547, 616, 630, 638, 658, 663, 673, 685, 692, 700, 703, 706, 766, 771, 787, 798, 821, 830, 840, 847, 849, 857, 871, 881, 908, 916, 921, 927, 949, 953, 954, 973, 997
190: 190
191: 191
192: 61, 121, 192, 530
193: 22, 23, 149, 161, 193, 213, 322, 326, 379, 383, 447, 690, 739, 796, 807, 871, 874, 880, 900, 929, 977
194: 47, 145, 194, 208, 331, 384, 421, 620, 874, 961, 974
195: 107, 116, 195, 383, 880, 961
196: 196
197: 197, 291, 325, 435, 574, 876
198: 79, 113, 142, 155, 185, 198, 201, 227, 230, 237, 254, 259, 335, 349, 358, 401, 449, 474, 535, 565, 588, 616, 618, 630, 631, 633, 659, 685, 692, 696, 700, 710, 717, 723, 732, 781, 798, 821, 830, 846, 849, 871, 895, 906, 916, 917, 919, 953, 965, 997
199: 14, 25, 57, 94, 155, 166, 199, 237, 259, 335, 358, 362, 397, 401, 449, 496, 535, 545, 580, 607, 618, 659, 663, 673, 685, 700, 710, 723, 830, 849, 857, 889, 919, 921, 935, 953, 954
200: 93, 200, 212, 279, 577, 971
201: 25, 64, 79, 87, 94, 111, 142, 148, 166, 198, 201, 227, 230, 278, 316, 340, 349, 358, 397, 399, 477, 501, 531, 535, 540, 565, 616, 630, 631, 633, 638, 658, 659, 663, 692, 696, 706, 717, 723, 781, 798, 802, 821, 846, 849, 871, 895, 906, 916, 927, 965, 969, 986, 997, 998
202: 153, 202
203: 203, 753
204: 204
205: 205, 543, 729
206: 38, 206, 566, 721, 772
207: 108, 168, 207, 312, 555, 804
208: 152, 179, 194, 208, 829, 874, 880, 900, 936, 961, 977
209: 68, 209, 432, 594
210: 17, 42, 69, 210, 296, 569, 942
211: 72, 101, 211, 215, 377, 518, 885
212: 146, 181, 200, 212, 438, 455, 588, 621
213: 193, 213, 399, 638, 690, 846, 985
214: 27, 214, 451, 831, 871
215: 72, 126, 139, 211, 215, 308, 351, 503, 518, 552, 743
216: 216
217: 217, 330, 415, 877
218: 218, 356, 379, 383, 420, 620, 796, 874, 880, 929, 961, 977
219: 41, 137, 219, 221, 341, 394, 466, 581, 958
220: 220, 386
221: 3, 50, 105, 137, 219, 221, 318, 394, 422, 466, 581, 704, 749, 815, 918, 945, 965
222: 222
223: 11, 183, 223, 257, 885, 893
224: 224
225: 82, 172, 225, 299, 306, 968
226: 226, 891
227: 23, 79, 87, 111, 130, 180, 189, 198, 201, 227, 230, 231, 251, 254, 278, 279, 286, 289, 323, 339, 349, 385, 399, 474, 477, 523, 536, 551, 565, 567, 616, 630, 631, 633, 638, 658, 663, 685, 692, 694, 696, 712, 771, 798, 800, 802, 821, 846, 871, 892, 895, 906, 920, 953, 985, 991, 997
228: 228
229: 12, 14, 64, 142, 155, 229, 335, 358, 362, 401, 496, 497, 515, 531, 535, 545, 547, 569, 659, 673, 685, 700, 706, 717, 781, 830, 849, 916, 919, 935, 954
230: 64, 94, 142, 166, 198, 201, 227, 230, 278, 316, 340, 349, 358, 362, 363, 381, 397, 399, 477, 501, 531, 565, 616, 630, 631, 633, 663, 706, 717, 781, 787, 798, 802, 821, 846, 857, 871, 888, 895, 900, 906, 916, 965, 997, 998
231: 16, 60, 227, 231, 289, 325, 402, 458, 480, 486, 523, 536, 551, 567, 572, 585, 588, 596, 622, 658, 679, 712, 735, 784, 800, 821, 892, 908, 914, 984, 991
232: 21, 26, 63, 71, 182, 232, 417, 526, 772
233: 233, 304, 508, 575, 813, 828, 843, 887, 962
234: 234, 419, 482, 677, 788, 851
235: 61, 84, 235, 639, 720, 754
236: 56, 236, 337
237: 79, 87, 111, 155, 180, 198, 199, 237, 251, 254, 259, 335, 339, 349, 362, 401, 449, 474, 496, 497, 535, 545, 580, 607, 618, 631, 659, 663, 685, 692, 700, 710, 781, 830, 849, 889, 919, 953, 997
238: 238, 741
239: 17, 25, 94, 239, 416, 446, 451, 485, 528, 531, 570, 587, 642, 803, 831, 942, 998
240: 11, 240, 396, 501, 632, 667, 683, 885, 893
241: 2, 87, 90, 166, 241, 397, 449, 465, 531, 663, 677, 835, 851, 997
242: 242
243: 243, 537
244: 244
245: 95, 245, 897
246: 10, 246, 286, 646, 679
247: 16, 247
248: 248, 725, 740, 870, 882
249: 9, 249, 256, 359, 611, 839
250: 250
251: 2, 11, 12, 25, 49, 57, 64, 87, 94, 111, 166, 174, 180, 189, 227, 237, 251, 259, 294, 339, 362, 363, 381, 387, 390, 397, 401, 449, 496, 500, 501, 509, 531, 540, 545, 547, 580, 591, 607, 663, 673, 683, 685, 700, 706, 710, 766, 771, 778, 786, 830, 834, 840, 847, 857, 881, 882, 906, 919, 921, 927, 953, 964, 997, 998
252: 252, 900
253: 46, 253, 577, 859, 971
254: 52, 79, 111, 142, 185, 198, 227, 237, 254, 259, 335, 349, 358, 368, 399, 401, 474, 477, 497, 535, 580, 616, 618, 630, 631, 638, 658, 685, 692, 696, 700, 717, 723, 781, 798, 821, 846, 871, 906, 916, 917, 949, 953, 965, 985
255: 25, 101, 111, 148, 189, 255, 316, 377, 396, 431, 515, 540, 568, 570, 632, 703, 706, 725, 882, 885, 893, 927, 969, 973
256: 249, 256, 359, 839
257: 223, 257, 570
258: 258, 808
259: 2, 52, 79, 80, 87, 94, 111, 166, 174, 198, 199, 237, 251, 254, 259, 296, 335, 362, 368, 401, 449, 496, 497, 500, 535, 540, 545, 547, 569, 580, 607, 618, 631, 659, 663, 673, 685, 692, 700, 710, 766, 830, 840, 849, 881, 889, 916, 919, 927, 935, 953, 954, 997
260: 260, 858
261: 261
262: 262, 323, 428, 559, 603, 605, 888
263: 263
264: 264, 495
265: 265, 695, 801
266: 120, 266, 437, 956
267: 267
268: 51, 268
269: 269, 899
270: 132, 270, 539, 665, 711, 899
271: 271, 392, 467, 616, 756, 835
272: 272, 348, 595, 681
273: 273, 813
274: 274, 606, 976
275: 63, 275, 333, 597, 769, 930, 943, 999
276: 276
277: 91, 126, 148, 277, 279, 316, 338, 382, 407, 453, 603, 621, 630, 792, 821, 871, 893, 969, 986
278: 201, 227, 230, 278, 349, 358, 381, 399, 477, 616, 630, 633, 663, 798, 802, 846, 871, 895, 906, 997
279: 126, 148, 151, 181, 183, 200, 227, 277, 279, 323, 338, 396, 407, 453, 552, 574, 603, 897, 906, 969
280: 280
281: 281, 308, 552, 667, 792
282: 159, 282, 559
283: 283
284: 141, 162, 284, 493, 648, 836, 962
285: 150, 285, 374, 653, 757
286: 227, 246, 286, 289, 381, 385, 387, 631, 646, 906
287: 287, 367, 574, 859, 897, 980
288: 288, 990
289: 10, 227, 231, 286, 289, 339, 385, 458, 471, 536, 572, 585, 596, 646, 658, 787, 800, 802, 821, 868, 871, 908, 914, 949, 991
290: 119, 290, 352, 434
291: 183, 197, 291, 396, 587, 827, 856
292: 292, 637
293: 84, 293, 639, 652, 720, 747
294: 2, 12, 15, 25, 111, 251, 294, 325, 363, 373, 390, 435, 462, 509, 540, 591, 627, 706, 766, 784, 800, 834, 881, 908, 927, 949, 958, 964
295: 295
296: 17, 27, 104, 210, 259, 296, 335, 743, 794, 803, 831
297: 297
298: 298
299: 82, 141, 172, 225, 299
300: 300
301: 60, 124, 301, 354, 433, 480, 510, 523, 551, 567, 572, 585, 712, 806, 892, 979, 985
302: 302
303: 303, 345, 388, 731
304: 115, 233, 304, 365, 492, 508, 575, 843, 854, 887
305: 48, 170, 305, 410, 430, 670, 826, 845
306: 225, 306, 527, 848, 872, 968
307: 307, 843
308: 126, 181, 215, 281, 308, 552
309: 309, 327, 487, 644, 653, 801, 910
310: 310, 941
311: 311
312: 108, 128, 168, 207, 312, 344, 491, 507, 672, 722, 728, 804, 858
313: 313
314: 314
315: 72, 315, 580
316: 91, 101, 148, 201, 230, 255, 277, 316, 338, 377, 382, 431, 570, 603, 616, 686, 792, 893, 895, 969, 986
317: 8, 39, 317, 445, 688, 813, 824
318: 137, 221, 318
319: 319, 463
320: 320
321: 321
322: 38, 63, 71, 106, 108, 161, 182, 193, 322, 388, 417, 447, 690, 712, 737, 769, 772, 800, 943, 952, 955, 999
323: 130, 227, 262, 279, 323, 410, 605, 670, 716, 888
324: 324
325: 197, 231, 294, 325, 373, 402, 435, 458, 462, 591, 596, 607, 712, 800, 834, 908, 914, 964
326: 22, 23, 117, 149, 161, 193, 326, 383, 690, 900, 929, 961
327: 115, 121, 129, 309, 327
328: 328
329: 168, 329, 452, 833, 838, 947
330: 103, 217, 330, 376, 579, 734, 856, 945
331: 47, 145, 194, 331, 383, 414, 421, 562, 620, 689, 748, 874, 922, 974, 977
332: 132, 332, 437, 702, 811, 900, 926
333: 275, 333, 417, 769, 930, 943
334: 334
335: 2, 14, 52, 64, 79, 87, 94, 111, 142, 155, 166, 174, 189, 198, 199, 229, 237, 254, 259, 296, 335, 358, 362, 363, 368, 381, 401, 449, 496, 497, 531, 535, 540, 545, 569, 580, 607, 618, 631, 659, 663, 673, 685, 692, 700, 706, 710, 717, 766, 781, 787, 830, 849, 871, 881, 916, 919, 927, 935, 953, 954, 965
336: 156, 336
337: 236, 337, 356, 420, 936
338: 101, 148, 277, 279, 316, 338, 407, 603, 792, 969, 986
339: 87, 111, 227, 237, 251, 289, 339, 500, 547, 638, 658, 766, 771, 778, 840, 908, 985
340: 31, 59, 63, 117, 161, 201, 230, 340, 346, 358, 498, 616, 633, 690, 739, 874, 895, 900, 922
341: 41, 219, 341, 394, 466, 581
342: 32, 342, 374
343: 93, 126, 343, 453
344: 108, 312, 344, 491, 507, 722, 799
345: 303, 345, 388, 731
346: 340, 346, 437, 690, 956
347: 182, 347, 388, 417, 737
348: 97, 272, 348, 619
349: 79, 142, 198, 201, 227, 230, 237, 254, 278, 349, 358, 385, 399, 401, 474, 477, 535, 545, 550, 569, 616, 630, 631, 633, 638, 659, 685, 692, 696, 700, 717, 723, 781, 798, 830, 846, 871, 895, 906, 916, 917, 919, 949, 953, 965, 985
350: 350, 424, 803
351: 6, 11, 72, 139, 215, 351, 362, 515, 535, 552, 570, 589, 659, 667, 889
352: 119, 290, 352
353: 353, 810
354: 60, 124, 301, 354, 402, 458, 480, 510, 523, 551, 567, 572, 585, 712, 892, 979, 985
355: 355
356: 149, 179, 218, 337, 356, 383, 420, 421, 796, 807, 874, 880, 929, 936, 961, 977
357: 129, 357, 606
358: 79, 142, 174, 198, 199, 201, 229, 230, 254, 278, 335, 340, 349, 358, 362, 399, 401, 449, 474, 477, 501, 535, 545, 616, 630, 631, 633, 659, 673, 685, 692, 696, 700, 710, 717, 723, 752, 781, 798, 830, 846, 849, 871, 889, 895, 906, 916, 917, 919, 935, 953, 954, 965
359: 122, 249, 256, 359, 839, 941
360: 136, 360
361: 361
362: 2, 12, 14, 25, 52, 57, 64, 94, 142, 155, 166, 174, 199, 229, 230, 237, 251, 259, 335, 351, 358, 362, 363, 368, 397, 401, 449, 496, 497, 501, 515, 531, 535, 540, 545, 547, 569, 580, 607, 618, 659, 663, 673, 685, 700, 706, 710, 717, 803, 830, 849, 857, 881, 889, 918, 919, 921, 927, 935, 953, 954, 965, 997, 998
363: 2, 3, 12, 15, 25, 49, 57, 80, 87, 94, 105, 111, 166, 174, 180, 189, 230, 251, 294, 335, 362, 363, 381, 390, 397, 401, 413, 435, 444, 464, 496, 501, 509, 531, 540, 545, 547, 591, 616, 627, 645, 663, 673, 700, 706, 766, 778, 798, 830, 834, 840, 857, 871, 881, 906, 919, 921, 927, 945, 953, 964, 998
364: 364
365: 39, 304, 365, 445, 492, 508, 575, 890
366: 37, 366
367: 287, 367, 574, 603, 621, 651, 971, 980
368: 49, 52, 254, 259, 335, 362, 368, 401, 496, 497, 501, 535, 545, 547, 569, 580, 618, 659, 673, 700, 710, 766, 778, 830, 849, 857, 889, 919, 935, 953, 954
369: 369, 863
370: 143, 370, 525
371: 371
372: 372
373: 15, 138, 294, 325, 373, 390, 435, 462, 834, 908, 964
374: 285, 342, 374, 923
375: 119, 375
376: 330, 376
377: 101, 148, 183, 211, 255, 316, 377, 396, 407, 431, 456, 485, 518, 570, 713, 773, 792, 885, 893, 969, 973
378: 378, 680
379: 96, 149, 179, 193, 218, 379, 383, 413, 420, 689, 796, 807, 880, 929, 936, 961, 977
380: 380, 693
381: 64, 87, 94, 111, 166, 180, 189, 230, 251, 278, 286, 335, 363, 381, 397, 401, 449, 477, 501, 531, 540, 547, 616, 618, 659, 663, 683, 700, 706, 766, 787, 798, 830, 857, 881, 889, 895, 906, 921, 927, 953, 997, 998
382: 148, 277, 316, 382, 515, 552, 621, 717, 732, 792, 986
383: 47, 59, 96, 145, 149, 179, 193, 195, 218, 326, 331, 356, 379, 383, 414, 420, 421, 498, 689, 706, 748, 755, 776, 796, 807, 874, 880, 922, 929, 936, 961, 974, 977
384: 47, 194, 384, 675
385: 70, 227, 286, 289, 349, 385, 399, 458, 471, 474, 536, 585, 596, 633, 638, 646, 784, 798, 800, 846, 868, 906, 949, 985, 991
386: 1, 60, 220, 386, 433, 789
387: 251, 286, 387, 580, 683, 766, 778
388: 106, 182, 303, 322, 345, 347, 388, 447, 526, 643, 656, 737, 804, 938, 952
389: 389
390: 2, 15, 41, 80, 87, 174, 251, 294, 363, 373, 390, 395, 413, 435, 500, 509, 540, 591, 627, 766, 771, 834, 840, 881, 921, 964
391: 391
392: 271, 392, 468, 482, 615, 863
393: 393
394: 3, 41, 50, 105, 137, 219, 221, 341, 394, 422, 466, 581, 673, 704, 719, 749, 815, 918, 945, 994
395: 41, 80, 85, 174, 390, 395, 422, 435, 444, 509, 545, 580, 944
396: 101, 151, 183, 240, 255, 279, 291, 377, 396, 407, 570, 587, 603, 713, 773, 885, 893, 969
397: 2, 12, 14, 25, 57, 64, 87, 94, 111, 155, 166, 180, 189, 199, 201, 230, 241, 251, 362, 363, 381, 397, 401, 416, 449, 496, 501, 531, 540, 547, 616, 618, 659, 663, 683, 700, 706, 710, 766, 778, 787, 830, 840, 849, 857, 881, 889, 895, 919, 921, 927, 954, 997, 998
398: 398, 597, 772
399: 12, 15, 49, 64, 79, 111, 142, 166, 189, 201, 213, 227, 230, 254, 278, 349, 358, 385, 399, 471, 474, 477, 501, 531, 540, 547, 565, 616, 630, 633, 638, 663, 690, 692, 706, 717, 756, 781, 798, 821, 846, 871, 895, 906, 916, 917, 927, 935, 949, 965, 985
400: 400, 644
401: 2, 14, 52, 64, 79, 87, 94, 104, 111, 139, 142, 155, 166, 174, 180, 189, 198, 199, 229, 237, 251, 254, 259, 335, 349, 358, 362, 363, 368, 381, 397, 401, 449, 496, 497, 531, 535, 540, 545, 569, 580, 607, 618, 631, 659, 663, 673, 685, 692, 700, 706, 710, 717, 766, 781, 787, 830, 840, 849, 871, 881, 889, 916, 919, 927, 935, 953, 954, 965, 997
402: 60, 124, 231, 325, 354, 402, 458, 480, 523, 536, 551, 567, 572, 585, 588, 596, 622, 646, 712, 784, 800, 892, 914, 920, 984, 991
403: 403, 539, 711
404: 404
405: 405
406: 43, 406, 487
407: 111, 139, 148, 151, 183, 189, 277, 279, 338, 377, 396, 407, 603, 640, 706, 893, 927, 969
408: 408
409: 409
410: 48, 130, 170, 305, 323, 410, 445, 523, 551, 567, 670, 826, 845, 892
411: 411
412: 412
413: 152, 363, 379, 390, 413, 454, 509, 829
414: 94, 145, 166, 331, 383, 414, 488, 498, 689, 759, 770, 807, 874, 922, 977
415: 36, 217, 415
416: 25, 94, 239, 397, 416, 446, 451, 485, 501, 531, 570, 587, 642, 703, 803, 819, 831, 913, 921, 998
417: 21, 63, 106, 161, 182, 232, 322, 333, 347, 417, 526, 737
418: 418
419: 14, 155, 234, 419, 710, 788, 851
420: 96, 179, 218, 337, 356, 379, 383, 420, 689, 755, 796, 807, 874, 880, 929, 936, 961, 977
421: 31, 47, 59, 109, 145, 149, 194, 331, 356, 383, 421, 549, 550, 562, 748, 807, 849, 874, 900, 922, 929, 954, 961, 974, 977
422: 3, 41, 50, 80, 85, 137, 221, 394, 395, 422, 444, 466, 496, 545, 607, 673, 918, 944
423: 423
424: 350, 424, 668
425: 425, 549, 839, 941
426: 426
427: 427
428: 262, 428, 702, 714, 811
429: 429, 483, 652
430: 305, 430
431: 27, 64, 91, 101, 255, 316, 377, 431, 451, 515, 531, 568, 570, 587, 668, 706, 713, 725, 831, 882, 893, 973
432: 68, 133, 209, 432, 707
433: 60, 124, 301, 386, 433, 444, 523, 551, 567, 572, 588, 892, 920, 979, 984
434: 98, 290, 434, 978, 982
435: 100, 138, 197, 294, 325, 363, 373, 390, 395, 435, 509, 536, 627, 834, 908, 964
436: 436, 744
437: 120, 266, 332, 346, 437, 439, 823, 956
438: 212, 438, 455, 538, 577, 621, 670, 859
439: 120, 437, 439, 956
440: 140, 172, 440
441: 441
442: 113, 442
443: 443
444: 40, 80, 85, 363, 395, 422, 433, 444, 509, 607, 944
445: 8, 39, 48, 130, 317, 365, 410, 445, 492, 508, 575, 824, 890
446: 27, 49, 69, 171, 239, 416, 446, 485, 501, 547, 642, 649, 703, 819, 885, 942
447: 38, 63, 106, 182, 193, 322, 388, 447, 737, 952, 955, 999
448: 40, 448, 509
449: 2, 79, 87, 111, 142, 155, 166, 174, 189, 198, 199, 237, 241, 251, 259, 335, 358, 362, 381, 397, 401, 449, 496, 497, 531, 535, 545, 580, 618, 631, 659, 663, 673, 685, 700, 710, 717, 766, 781, 830, 849, 881, 889, 916, 919, 927, 953, 954, 997
450: 108, 450, 600, 682
451: 25, 27, 214, 239, 416, 431, 451, 485, 703, 706, 831
452: 168, 329, 452, 672, 838, 947
453: 91, 126, 148, 151, 181, 277, 279, 343, 453, 603
454: 81, 413, 454
455: 212, 438, 455, 541, 664
456: 377, 456, 518, 610, 625, 773, 792
457: 457, 707
458: 60, 231, 289, 325, 354, 385, 402, 458, 471, 523, 536, 551, 567, 572, 585, 596, 646, 658, 679, 712, 771, 784, 800, 821, 868, 892, 908, 914, 949, 971, 985, 991
459: 459
460: 0, 460, 461, 541, 774, 806, 887
461: 460, 461, 561, 664, 813, 864, 879, 887
462: 294, 325, 373, 462, 949
463: 319, 463
464: 3, 12, 15, 40, 105, 363, 464, 509, 645, 945, 964, 994, 998
465: 241, 465, 608, 677, 727, 851
466: 3, 41, 50, 79, 105, 137, 219, 221, 341, 394, 422, 466, 581, 673, 719, 749, 815, 918, 945
467: 271, 467, 475, 756
468: 160, 392, 468, 615, 808
469: 469, 686
470: 470, 763, 913, 933
471: 289, 385, 399, 458, 471, 477, 585, 596, 638, 646, 784, 800, 846, 868, 871, 949, 985
472: 472
473: 473
474: 79, 142, 181, 198, 227, 237, 254, 349, 358, 385, 399, 474, 535, 580, 618, 631, 633, 659, 685, 692, 696, 717, 723, 781, 846, 895, 906, 916, 917, 953, 985
475: 467, 475
476: 476, 814
477: 12, 15, 49, 64, 79, 111, 142, 166, 189, 201, 227, 230, 254, 278, 349, 358, 381, 399, 471, 477, 540, 547, 565, 616, 630, 633, 638, 658, 663, 692, 706, 717, 756, 781, 798, 821, 846, 871, 895, 906, 916, 927, 949, 954, 965, 985
478: 478
479: 479
480: 60, 79, 146, 231, 301, 354, 402, 480, 523, 551, 567, 588, 596, 692, 696, 712, 800, 914
481: 481
482: 234, 392, 482, 516, 615, 650
483: 429, 483
484: 484
485: 12, 25, 27, 83, 171, 239, 377, 416, 446, 451, 485, 642, 703, 713, 803, 819, 831, 893
486: 231, 486, 596, 800, 806, 914
487: 7, 309, 406, 487, 525, 644, 801
488: 9, 414, 488, 637, 640, 657, 684, 891, 893
489: 108, 168, 182, 489, 491, 600, 682, 728, 804, 938, 947, 955
490: 490
491: 108, 312, 344, 489, 491, 507, 600, 804, 905, 938, 955
492: 39, 115, 304, 365, 445, 492, 508, 575, 824, 890
493: 141, 284, 493
494: 494, 598, 827, 856
495: 84, 264, 495, 688, 799
496: 2, 12, 14, 25, 41, 52, 79, 87, 111, 142, 155, 166, 174, 180, 189, 199, 229, 237, 251, 259, 335, 362, 363, 368, 397, 401, 422, 449, 496, 497, 531, 535, 540, 545, 569, 580, 607, 618, 631, 659, 663, 673, 685, 692, 700, 706, 710, 766, 781, 830, 840, 849, 871, 881, 889, 916, 919, 921, 927, 935, 953, 954
497: 2, 49, 52, 64, 174, 229, 237, 254, 259, 335, 362, 368, 401, 449, 496, 497, 500, 535, 540, 545, 547, 569, 580, 607, 673, 685, 700, 781, 786, 830, 840, 849, 916, 919, 927, 935, 953, 954
498: 47, 59, 145, 149, 179, 340, 383, 414, 498, 689, 748, 755, 759, 861, 874, 900, 922, 961, 974, 977
499: 499
500: 2, 12, 15, 25, 49, 52, 64, 87, 94, 111, 180, 251, 259, 339, 390, 497, 500, 501, 509, 540, 547, 568, 580, 591, 638, 706, 766, 771, 778, 786, 840, 881, 927, 985
501: 2, 11, 12, 15, 25, 49, 57, 59, 64, 87, 94, 111, 166, 180, 201, 230, 240, 251, 358, 362, 363, 368, 381, 397, 399, 416, 446, 500, 501, 531, 535, 540, 545, 547, 569, 580, 632, 633, 642, 645, 649, 663, 683, 706, 710, 766, 778, 786, 787, 830, 840, 846, 849, 857, 881, 895, 919, 921, 927, 935, 997, 998
502: 502, 976
503: 72, 139, 215, 503, 518
504: 90, 186, 504, 951
505: 505
506: 506, 657
507: 128, 312, 344, 491, 507, 722
508: 233, 304, 365, 445, 492, 508, 575, 813, 843
509: 2, 15, 40, 80, 94, 105, 174, 251, 294, 363, 390, 395, 413, 435, 444, 448, 464, 500, 509, 591, 766, 778, 834, 840, 881, 964, 994, 998
510: 301, 354, 510, 979
511: 511, 527
512: 512, 635
513: 6, 513, 660
514: 100, 514
515: 14, 72, 139, 229, 255, 351, 362, 382, 431, 515, 535, 673, 685, 717, 849, 919, 935, 954, 973
516: 482, 516, 650, 867
517: 24, 517, 716, 826, 845, 854, 971
518: 72, 139, 211, 215, 377, 456, 503, 518, 589, 713
519: 19, 519
520: 520
521: 521
522: 47, 109, 149, 522, 562, 748, 974
523: 60, 124, 227, 231, 301, 354, 402, 410, 433, 458, 480, 523, 541, 551, 567, 572, 585, 588, 658, 712, 737, 892, 914, 920, 979, 984, 991
524: 524
525: 370, 487, 525, 774, 801
526: 26, 63, 71, 232, 388, 417, 526, 600, 656, 737, 862, 952
527: 306, 511, 527, 872, 968
528: 27, 239, 528, 649, 783
529: 529, 976
530: 43, 61, 192, 530
531: 2, 12, 25, 49, 57, 64, 87, 94, 111, 142, 155, 166, 180, 189, 201, 229, 230, 239, 241, 251, 335, 362, 363, 381, 397, 399, 401, 416, 431, 449, 496, 501, 531, 535, 540, 545, 547, 570, 616, 630, 633, 659, 663, 673, 685, 700, 706, 710, 766, 786, 787, 798, 802, 830, 831, 840, 847, 849, 857, 871, 881, 895, 906, 919, 921, 927, 953, 954, 997, 998
532: 4, 168, 532, 544, 938
533: 61, 533, 747, 966
534: 534
535: 14, 52, 64, 87, 94, 142, 155, 166, 198, 199, 201, 229, 237, 254, 259, 335, 349, 351, 358, 362, 368, 401, 449, 474, 496, 497, 501, 515, 531, 535, 545, 547, 569, 580, 618, 631, 633, 659, 663, 673, 685, 700, 710, 717, 723, 781, 787, 830, 846, 849, 857, 889, 895, 919, 935, 953, 954, 997, 998
536: 71, 124, 138, 227, 231, 289, 385, 402, 435, 458, 536, 572, 585, 596, 646, 658, 784, 800, 802, 821, 892, 908, 914, 984, 991
537: 243, 537
538: 146, 170, 438, 538, 971
539: 270, 403, 539, 711, 926
540: 2, 12, 15, 25, 49, 57, 64, 79, 87, 94, 111, 166, 180, 189, 201, 251, 255, 259, 294, 335, 362, 363, 381, 390, 397, 399, 401, 477, 496, 497, 500, 501, 531, 540, 545, 547, 591, 607, 616, 618, 630, 658, 663, 673, 677, 685, 700, 706, 766, 771, 786, 787, 798, 821, 830, 840, 847, 849, 857, 871, 881, 882, 906, 908, 919, 921, 927, 953, 954, 973, 997, 998
541: 124, 146, 455, 460, 523, 541, 551, 567, 712
542: 542
543: 205, 543, 707, 729
544: 20, 532, 544, 600, 767
545: 2, 6, 12, 14, 52, 87, 94, 155, 166, 174, 180, 189, 199, 229, 237, 251, 259, 335, 349, 358, 362, 363, 368, 395, 401, 422, 449, 496, 497, 501, 531, 535, 540, 545, 547, 569, 580, 607, 618, 659, 673, 685, 700, 710, 766, 778, 781, 830, 840, 849, 857, 881, 916, 919, 921, 935, 944, 953, 954, 998
546: 546, 957
547: 2, 11, 12, 15, 25, 49, 52, 57, 64, 87, 94, 111, 164, 166, 180, 189, 229, 251, 259, 339, 362, 363, 368, 381, 397, 399, 446, 477, 497, 500, 501, 531, 535, 540, 545, 547, 569, 580, 616, 630, 638, 663, 673, 683, 706, 766, 771, 778, 786, 798, 830, 840, 846, 847, 849, 857, 871, 881, 885, 919, 921, 927, 935, 954, 997, 998
548: 9, 548, 640, 941
549: 421, 425, 549, 823, 839, 941, 996
550: 31, 47, 109, 349, 421, 550, 690, 748, 760, 943, 999
551: 48, 60, 124, 146, 227, 231, 301, 354, 402, 410, 433, 458, 480, 523, 541, 551, 567, 572, 588, 658, 712, 737, 800, 802, 806, 821, 892, 914, 920, 979, 984, 991
552: 126, 139, 148, 181, 215, 279, 281, 308, 351, 382, 552, 559, 603, 621, 665, 667, 732, 792, 969
553: 553, 775, 928
554: 554
555: 207, 555, 804
556: 556, 593
557: 557
558: 88, 558
559: 17, 113, 159, 262, 282, 552, 559, 605, 665, 888
560: 560, 837
561: 0, 461, 561, 864
562: 47, 331, 421, 522, 562, 689, 748, 961, 974
563: 563
564: 564
565: 111, 142, 180, 198, 201, 227, 230, 399, 477, 565, 616, 630, 633, 692, 717, 798, 821, 846, 847, 871, 895, 906
566: 206, 566
567: 60, 124, 227, 231, 301, 354, 402, 410, 433, 458, 480, 523, 541, 551, 567, 572, 588, 658, 712, 737, 806, 892, 914, 920, 979, 984
568: 27, 29, 91, 151, 255, 431, 500, 568, 725, 794, 882, 973
569: 12, 14, 15, 25, 49, 50, 52, 64, 142, 155, 166, 210, 229, 259, 335, 349, 362, 368, 401, 496, 497, 501, 535, 545, 547, 569, 580, 607, 659, 673, 685, 700, 706, 710, 717, 781, 786, 830, 849, 916, 919, 935, 954, 998
570: 11, 72, 101, 148, 166, 239, 255, 257, 316, 351, 377, 396, 416, 431, 531, 570, 587, 637, 713, 725, 773, 885, 893
571: 571, 741, 951
572: 60, 124, 231, 289, 301, 354, 402, 433, 458, 523, 536, 551, 567, 572, 585, 646, 892, 979, 984, 991
573: 573, 708, 852
574: 126, 197, 279, 287, 367, 574, 577, 603, 859, 897
575: 39, 233, 304, 365, 445, 492, 508, 575, 813, 890
576: 576
577: 93, 200, 253, 438, 574, 577, 826, 859, 897, 971
578: 578, 833
579: 3, 103, 330, 579
580: 49, 52, 174, 199, 237, 251, 254, 259, 315, 335, 362, 368, 387, 395, 401, 449, 474, 496, 497, 500, 501, 535, 545, 547, 569, 580, 618, 631, 659, 673, 685, 700, 710, 766, 778, 830, 840, 849, 857, 881, 889, 919, 935, 953, 954
581: 3, 85, 105, 137, 174, 219, 221, 341, 394, 466, 581, 719, 749, 815, 918, 945, 994
582: 582, 587
583: 583, 584
584: 583, 584
585: 231, 289, 301, 354, 385, 402, 458, 471, 523, 536, 572, 585, 596, 622, 646, 712, 784, 800, 914, 949, 985, 991
586: 586
587: 11, 72, 94, 183, 239, 291, 396, 416, 431, 570, 582, 587, 589, 668, 713, 725, 856, 885, 893
588: 60, 124, 198, 212, 231, 402, 433, 480, 523, 551, 567, 588, 631, 692, 712, 892, 914, 920
589: 6, 42, 72, 351, 518, 587, 589
590: 590
591: 2, 15, 25, 41, 80, 111, 174, 251, 294, 325, 363, 390, 500, 509, 540, 591, 706, 766, 834, 840, 927, 985
592: 592, 598, 625, 773, 827, 856
593: 556, 593, 754
594: 133, 209, 594, 604
595: 272, 595
596: 16, 231, 289, 325, 385, 402, 458, 471, 480, 486, 536, 585, 596, 622, 630, 646, 712, 716, 784, 798, 800, 868, 908, 914, 949, 991
597: 275, 398, 597
598: 183, 494, 592, 598, 625, 856
599: 141, 599, 836, 957
600: 71, 108, 125, 168, 450, 489, 491, 526, 544, 600, 801, 804, 938, 947, 952, 955
601: 601, 870
602: 602, 619
603: 126, 148, 262, 277, 279, 316, 338, 367, 396, 407, 453, 552, 574, 603, 621, 732, 906, 969
604: 594, 604
605: 126, 262, 323, 559, 605, 811, 888
606: 121, 274, 357, 606, 762, 976
607: 14, 49, 57, 79, 85, 111, 199, 237, 251, 259, 325, 335, 362, 401, 422, 444, 496, 497, 540, 545, 569, 607, 673, 685, 692, 700, 706, 710, 830, 849, 919, 927, 944, 953, 954
608: 465, 608, 677, 727, 851
609: 609
610: 103, 456, 610, 773
611: 9, 249, 611, 823, 941
612: 612
613: 613
614: 614
615: 160, 392, 468, 482, 615, 808, 960
616: 25, 57, 64, 79, 87, 94, 111, 142, 148, 166, 189, 198, 201, 227, 230, 254, 271, 278, 316, 340, 349, 358, 363, 381, 397, 399, 477, 531, 540, 547, 565, 616, 630, 631, 633, 638, 658, 663, 692, 706, 717, 723, 781, 787, 798, 802, 821, 846, 849, 857, 871, 881, 895, 906, 916, 921, 927, 965, 969, 985, 997
617: 617
618: 17, 79, 87, 111, 155, 198, 199, 237, 254, 259, 335, 362, 368, 381, 397, 401, 449, 474, 496, 535, 540, 545, 580, 618, 631, 659, 663, 673, 685, 692, 700, 710, 766, 830, 849, 889, 919, 927, 953, 954, 997
619: 97, 348, 602, 619
620: 145, 194, 218, 331, 620
621: 79, 148, 212, 277, 367, 382, 438, 552, 603, 621, 692, 732, 792
622: 10, 231, 402, 585, 596, 622, 679, 800, 914, 991
623: 623
624: 624, 822
625: 183, 456, 592, 598, 625, 773, 827, 856
626: 626
627: 100, 138, 294, 363, 390, 435, 627, 834, 964
628: 7, 628, 799, 875, 879, 894
629: 629
630: 12, 25, 49, 64, 79, 94, 111, 142, 148, 166, 189, 198, 201, 227, 230, 254, 277, 278, 349, 358, 399, 477, 531, 540, 547, 565, 596, 616, 630, 631, 633, 638, 658, 663, 692, 696, 706, 712, 717, 781, 784, 798, 800, 802, 821, 835, 846, 847, 871, 895, 906, 916, 927, 949, 965, 969, 985, 997
631: 79, 111, 113, 142, 185, 198, 201, 227, 230, 237, 254, 259, 286, 335, 349, 358, 401, 449, 474, 496, 535, 580, 588, 616, 618, 630, 631, 633, 659, 685, 692, 696, 700, 717, 723, 732, 781, 798, 821, 830, 849, 871, 895, 906, 916, 917, 919, 953, 965, 997
632: 25, 178, 240, 255, 501, 632, 703, 725, 885, 893
633: 64, 94, 148, 166, 198, 201, 227, 230, 278, 340, 349, 358, 385, 399, 474, 477, 501, 531, 535, 565, 616, 630, 631, 633, 638, 659, 663, 717, 723, 752, 781, 798, 802, 821, 846, 857, 871, 895, 906, 986, 997, 998
634: 7, 32, 634
635: 512, 635
636: 174, 636, 827
637: 153, 292, 488, 570, 637, 684, 823, 891
638: 49, 64, 79, 87, 111, 189, 201, 213, 227, 254, 339, 349, 385, 399, 471, 477, 500, 547, 616, 630, 633, 638, 658, 692, 756, 771, 778, 798, 821, 840, 846, 871, 906, 927, 949, 985
639: 4, 61, 115, 235, 293, 639, 652, 774, 838, 966
640: 9, 153, 407, 488, 548, 640, 657, 684
641: 641
642: 135, 171, 239, 416, 446, 485, 501, 642, 649, 819, 888, 942, 998
643: 388, 643
644: 309, 400, 487, 644
645: 15, 50, 94, 152, 160, 363, 464, 501, 645, 683, 857, 921, 998
646: 246, 286, 289, 385, 402, 458, 471, 536, 572, 585, 596, 646, 691, 784, 800, 949, 984, 985, 991
647: 647, 885
648: 284, 648
649: 11, 27, 446, 501, 528, 642, 649, 703
650: 482, 516, 650, 677, 863
651: 367, 651, 735, 859, 971
652: 4, 168, 293, 429, 639, 652, 747, 774, 809
653: 121, 150, 285, 309, 653, 801
654: 654, 932
655: 19, 655, 709, 989
656: 106, 182, 388, 526, 656, 772, 952
657: 488, 506, 640, 657
658: 10, 23, 79, 111, 189, 201, 227, 231, 254, 289, 339, 458, 477, 523, 536, 540, 551, 567, 616, 630, 638, 658, 692, 696, 712, 771, 798, 800, 802, 821, 871, 892, 906, 908, 914, 927, 985
659: 17, 87, 94, 111, 142, 155, 166, 198, 199, 201, 229, 237, 259, 335, 349, 351, 358, 362, 368, 381, 397, 401, 449, 474, 496, 531, 535, 545, 569, 580, 618, 631, 633, 659, 663, 673, 685, 692, 700, 706, 710, 717, 723, 781, 830, 849, 889, 895, 906, 916, 919, 953, 954, 997
660: 513, 660
661: 661, 674
662: 662
663: 2, 12, 25, 49, 57, 64, 87, 94, 111, 142, 155, 166, 180, 189, 199, 201, 227, 230, 237, 241, 251, 259, 278, 335, 362, 363, 381, 397, 399, 401, 449, 477, 496, 501, 531, 535, 540, 547, 616, 618, 630, 633, 659, 663, 673, 685, 700, 706, 710, 766, 778, 787, 798, 830, 840, 847, 849, 857, 871, 881, 882, 889, 895, 906, 919, 921, 927, 953, 954, 977, 997, 998
664: 455, 461, 664
665: 270, 552, 559, 665
666: 666, 995
667: 139, 240, 281, 351, 552, 667
668: 424, 431, 587, 668, 725, 773, 950
669: 669
670: 24, 48, 130, 170, 305, 323, 410, 438, 670, 826, 845
671: 671
672: 168, 312, 452, 672, 682, 728, 947
673: 2, 12, 14, 15, 25, 49, 50, 52, 57, 64, 79, 94, 111, 142, 155, 166, 174, 189, 199, 229, 251, 259, 335, 358, 362, 363, 368, 394, 401, 422, 449, 466, 496, 497, 515, 531, 535, 540, 545, 547, 569, 580, 607, 618, 659, 663, 673, 685, 692, 700, 706, 710, 717, 766, 781, 803, 830, 847, 849, 857, 881, 889, 916, 918, 919, 921, 927, 935, 953, 954, 965, 998
674: 172, 661, 674, 848
675: 384, 675
676: 676
677: 2, 12, 90, 166, 234, 241, 465, 540, 608, 650, 677, 706, 835, 851, 881, 927
678: 678
679: 10, 231, 246, 458, 622, 679, 914
680: 378, 680, 860, 878
681: 272, 681
682: 37, 99, 108, 450, 489, 672, 682, 728, 947
683: 25, 57, 94, 164, 180, 240, 251, 381, 387, 397, 501, 547, 645, 683, 778, 857, 921, 998
684: 488, 637, 640, 684, 891
685: 2, 14, 49, 79, 87, 94, 111, 142, 155, 166, 180, 189, 198, 199, 227, 229, 237, 251, 254, 259, 335, 349, 358, 362, 401, 449, 474, 496, 497, 515, 531, 535, 540, 545, 569, 580, 607, 618, 631, 659, 663, 673, 685, 692, 696, 700, 706, 710, 717, 781, 830, 849, 881, 889, 916, 919, 927, 953, 954, 997
686: 316, 469, 686, 835
687: 687
688: 317, 495, 688
689: 47, 59, 96, 145, 149, 331, 379, 383, 414, 420, 498, 562, 689, 748, 776, 796, 807, 874, 880, 922, 929, 961, 974, 977
690: 31, 59, 63, 149, 161, 193, 213, 322, 326, 340, 346, 399, 550, 690, 807, 871, 874, 900, 929, 961
691: 646, 691
692: 79, 111, 142, 185, 189, 198, 201, 227, 237, 254, 259, 335, 349, 358, 399, 401, 474, 477, 480, 496, 565, 588, 607, 616, 618, 621, 630, 631, 638, 658, 659, 673, 685, 692, 696, 700, 712, 717, 781, 784, 798, 800, 821, 846, 871, 906, 916, 919, 927, 949, 953, 954, 965, 985
693: 380, 693
694: 227, 694, 906
695: 265, 695
696: 79, 142, 185, 198, 201, 227, 254, 349, 358, 474, 480, 630, 631, 658, 685, 692, 696, 717, 723, 781, 798, 821, 846, 871, 906, 916, 953, 965
697: 177, 697
698: 698, 848
699: 699, 872
700: 14, 17, 52, 79, 87, 94, 111, 142, 155, 166, 189, 198, 199, 229, 237, 251, 254, 259, 335, 349, 358, 362, 363, 368, 381, 397, 401, 449, 496, 497, 531, 535, 540, 545, 569, 580, 607, 618, 631, 659, 663, 673, 685, 692, 700, 706, 710, 717, 766, 781, 830, 840, 849, 881, 889, 916, 919, 927, 953, 954, 965, 997
701: 22, 701
702: 78, 132, 332, 428, 702, 926
703: 25, 27, 189, 255, 416, 446, 451, 485, 632, 649, 703, 706, 794, 831, 927
704: 137, 221, 394, 704
705: 705
706: 2, 12, 14, 25, 49, 57, 64, 87, 94, 111, 142, 155, 164, 166, 180, 189, 201, 229, 230, 251, 255, 294, 335, 362, 363, 381, 383, 397, 399, 401, 407, 431, 451, 477, 496, 500, 501, 531, 540, 547, 569, 591, 607, 616, 630, 659, 663, 673, 677, 685, 700, 703, 706, 710, 766, 771, 778, 787, 798, 821, 830, 831, 840, 846, 847, 849, 857, 871, 881, 893, 895, 906, 908, 919, 921, 927, 935, 954, 997, 998
707: 432, 457, 543, 707
708: 573, 708, 745
709: 19, 655, 709, 989
710: 14, 25, 94, 155, 166, 198, 199, 237, 251, 259, 335, 358, 362, 368, 397, 401, 419, 449, 496, 501, 531, 535, 545, 569, 580, 607, 618, 659, 663, 673, 685, 700, 706, 710, 717, 723, 803, 830, 849, 857, 889, 919, 921, 935, 953, 954, 997, 998
711: 270, 403, 539, 711, 850, 926
712: 60, 106, 124, 227, 231, 301, 322, 325, 354, 402, 458, 480, 523, 541, 551, 567, 585, 588, 596, 630, 658, 692, 712, 798, 800, 806, 821, 871, 892, 906, 914, 920, 979, 985
713: 101, 139, 377, 396, 431, 485, 518, 570, 587, 713, 773, 893
714: 428, 714, 731
715: 715
716: 24, 130, 323, 517, 596, 716, 800
717: 14, 79, 109, 142, 155, 185, 198, 201, 229, 230, 254, 335, 349, 358, 362, 382, 399, 401, 449, 474, 477, 515, 535, 565, 569, 616, 630, 631, 633, 659, 673, 685, 692, 696, 700, 710, 717, 723, 752, 781, 792, 798, 830, 846, 849, 871, 895, 906, 916, 919, 935, 954, 965
718: 718
719: 3, 105, 394, 466, 581, 719, 815, 918, 945, 970, 994
720: 235, 293, 720, 754, 978
721: 150, 163, 206, 721
722: 312, 344, 507, 722, 923
723: 79, 142, 198, 199, 201, 254, 349, 358, 474, 535, 616, 631, 633, 659, 696, 710, 717, 723, 752, 895, 916, 965
724: 724
725: 248, 255, 431, 568, 570, 587, 632, 668, 725, 840, 881, 882, 893, 973
726: 726
727: 465, 608, 727
728: 168, 312, 489, 672, 682, 728, 947
729: 205, 543, 729
730: 61, 121, 730, 747, 915
731: 303, 345, 714, 731, 850
732: 113, 148, 198, 382, 552, 603, 621, 631, 732, 792
733: 733, 734
734: 330, 733, 734
735: 231, 651, 735, 859, 971, 991
736: 736, 791, 825
737: 63, 71, 106, 124, 182, 322, 347, 388, 417, 447, 523, 526, 551, 567, 737, 892
738: 738
739: 31, 63, 71, 193, 340, 739, 900, 922
740: 248, 740, 750
741: 83, 238, 571, 741
742: 742
743: 17, 72, 215, 296, 743, 763, 803, 913, 933, 942
744: 18, 436, 744
745: 708, 745
746: 746
747: 61, 84, 293, 533, 652, 730, 747, 912, 966
748: 47, 59, 96, 145, 149, 331, 383, 421, 498, 522, 550, 562, 689, 748, 874, 922, 961, 974
749: 3, 105, 137, 221, 394, 466, 581, 749, 815, 918, 945, 994
750: 740, 750
751: 751
752: 142, 358, 633, 717, 723, 752, 917, 965
753: 203, 753, 790
754: 235, 593, 720, 754, 978
755: 117, 383, 420, 498, 755, 759, 770, 807, 874, 922, 977
756: 64, 271, 399, 467, 477, 638, 756, 835, 846, 871
757: 150, 285, 757
758: 758
759: 59, 117, 414, 498, 755, 759, 770, 874, 922, 961, 977
760: 31, 550, 760, 999
761: 761
762: 606, 762, 912, 976
763: 135, 470, 743, 763, 933, 942
764: 764
765: 765
766: 2, 12, 25, 49, 57, 80, 87, 94, 105, 111, 166, 174, 180, 189, 251, 259, 294, 335, 339, 363, 368, 381, 387, 390, 397, 401, 449, 496, 500, 501, 509, 531, 540, 545, 547, 580, 591, 618, 663, 673, 700, 706, 766, 771, 778, 786, 787, 830, 834, 840, 857, 881, 882, 919, 921, 927, 953, 964, 973, 997, 998
767: 108, 161, 544, 767
768: 768
769: 31, 63, 275, 322, 333, 769, 930, 943
770: 23, 414, 755, 759, 770, 796
771: 57, 64, 87, 111, 164, 189, 227, 251, 339, 390, 458, 500, 540, 547, 638, 658, 706, 766, 771, 798, 821, 840, 871, 908, 927, 985
772: 106, 182, 188, 206, 232, 322, 398, 656, 772, 943, 952
773: 101, 103, 183, 377, 396, 456, 570, 592, 610, 625, 668, 713, 773, 827, 856, 885
774: 168, 460, 525, 639, 652, 774, 804, 938, 947
775: 553, 775
776: 187, 383, 689, 776
777: 777
778: 2, 11, 15, 25, 49, 52, 87, 94, 166, 180, 251, 339, 363, 368, 387, 397, 500, 501, 509, 545, 547, 580, 638, 663, 683, 706, 766, 778, 786, 840, 857, 881, 998
779: 779
780: 780
781: 64, 79, 111, 142, 198, 201, 229, 230, 237, 254, 335, 349, 358, 399, 401, 449, 474, 477, 496, 497, 535, 545, 569, 616, 630, 631, 633, 659, 673, 685, 692, 696, 700, 717, 781, 798, 821, 846, 871, 895, 906, 916, 919, 935, 949, 953, 954, 965, 985
782: 782
783: 528, 783
784: 79, 231, 294, 385, 402, 458, 471, 536, 585, 596, 630, 646, 692, 784, 798, 800, 821, 871, 914, 949, 985
785: 785
786: 2, 12, 15, 25, 49, 52, 64, 111, 251, 497, 500, 501, 531, 540, 547, 569, 766, 778, 786, 840, 881, 927, 935, 985, 998
787: 64, 87, 94, 111, 166, 189, 230, 289, 335, 381, 397, 401, 501, 531, 535, 540, 616, 663, 706, 766, 787, 830, 849, 857, 881, 895, 908, 921, 927, 997, 998
788: 14, 155, 234, 419, 788
789: 386, 789
790: 753, 790
791: 736, 791
792: 139, 142, 148, 277, 281, 316, 338, 377, 382, 456, 552, 621, 717, 732, 792, 965, 969
793: 793, 838
794: 27, 111, 296, 568, 703, 794, 831, 973
795: 28, 34, 132, 795
796: 96, 149, 179, 193, 218, 356, 379, 383, 420, 689, 770, 796, 807, 874, 880, 929, 936, 961, 977
797: 797
798: 22, 25, 57, 64, 79, 87, 111, 142, 148, 166, 189, 198, 201, 227, 230, 254, 278, 349, 358, 363, 381, 385, 399, 477, 531, 540, 547, 565, 596, 616, 630, 631, 633, 638, 658, 663, 692, 696, 706, 712, 717, 771, 781, 784, 798, 800, 802, 821, 846, 871, 895, 906, 916, 921, 927, 949, 954, 965, 969, 985
799: 7, 344, 495, 628, 799, 894
800: 79, 227, 231, 289, 294, 322, 325, 385, 402, 458, 471, 480, 486, 536, 551, 585, 596, 622, 630, 646, 658, 692, 712, 716, 784, 798, 800, 821, 868, 871, 892, 908, 914, 949, 985, 991
801: 265, 309, 487, 525, 600, 653, 801
802: 201, 227, 230, 278, 289, 531, 536, 551, 616, 630, 633, 658, 798, 802, 821, 871, 895, 906, 991
803: 17, 69, 72, 239, 296, 350, 362, 416, 485, 673, 710, 743, 803, 849, 913, 919, 933, 942
804: 108, 168, 207, 312, 388, 489, 491, 555, 600, 774, 804, 938, 947, 955
805: 33, 805
806: 1, 168, 301, 460, 486, 551, 567, 712, 806, 983
807: 96, 111, 149, 179, 193, 356, 379, 383, 414, 420, 421, 689, 690, 755, 796, 807, 874, 880, 922, 927, 929, 961, 977
808: 258, 468, 615, 808
809: 652, 809
810: 40, 353, 810
811: 332, 428, 605, 811
812: 812
813: 39, 233, 273, 317, 461, 508, 575, 813, 824, 843
814: 476, 814
815: 3, 15, 25, 103, 105, 137, 221, 394, 466, 581, 719, 749, 815, 918, 945, 970, 994
816: 816
817: 817
818: 818
819: 27, 69, 135, 171, 183, 416, 446, 485, 642, 819
820: 820
821: 23, 57, 79, 87, 111, 142, 189, 198, 201, 227, 230, 231, 254, 277, 289, 399, 458, 477, 536, 540, 551, 565, 616, 630, 631, 633, 638, 658, 692, 696, 706, 712, 771, 781, 784, 798, 800, 802, 821, 846, 871, 895, 906, 908, 914, 916, 927, 949, 985, 986
822: 9, 624, 822
823: 120, 437, 549, 611, 637, 823, 874, 956, 977
824: 39, 317, 445, 492, 813, 824, 843
825: 736, 825
826: 24, 48, 130, 305, 410, 517, 577, 670, 826, 845, 897
827: 183, 291, 494, 592, 625, 636, 773, 827, 856, 885
828: 233, 828, 843, 962
829: 152, 208, 413, 829, 880, 936, 961
830: 2, 14, 17, 57, 64, 72, 79, 87, 94, 111, 142, 155, 166, 174, 180, 189, 198, 199, 229, 237, 251, 259, 335, 349, 358, 362, 363, 368, 381, 397, 401, 449, 496, 497, 501, 531, 535, 540, 545, 547, 569, 580, 607, 618, 631, 659, 663, 673, 685, 700, 706, 710, 717, 766, 787, 830, 849, 857, 881, 889, 916, 918, 919, 921, 927, 935, 953, 954, 965, 997, 998
831: 27, 64, 90, 214, 239, 296, 416, 431, 451, 485, 531, 703, 706, 794, 831
832: 16, 832, 843
833: 43, 115, 329, 578, 833
834: 40, 80, 100, 138, 251, 294, 325, 363, 373, 390, 435, 509, 591, 627, 766, 834, 945, 958, 964
835: 241, 271, 630, 677, 686, 756, 835, 851, 871, 916
836: 82, 141, 284, 599, 836
837: 560, 837
838: 20, 26, 168, 329, 452, 639, 793, 838
839: 249, 256, 359, 425, 549, 839, 941
840: 2, 12, 25, 49, 52, 57, 64, 87, 94, 111, 164, 166, 174, 180, 183, 189, 251, 259, 339, 363, 390, 397, 401, 496, 497, 500, 501, 509, 531, 540, 545, 547, 580, 591, 638, 663, 700, 706, 725, 766, 771, 778, 786, 840, 847, 857, 871, 881, 882, 921, 927, 998
841: 841
842: 842
843: 233, 304, 307, 508, 813, 824, 828, 832, 843, 887
844: 147, 844
845: 24, 170, 305, 410, 517, 670, 826, 845, 890
846: 15, 25, 49, 64, 70, 79, 111, 142, 148, 198, 201, 213, 227, 230, 254, 278, 349, 358, 385, 399, 471, 474, 477, 501, 535, 547, 565, 616, 630, 633, 638, 692, 696, 706, 717, 756, 781, 798, 821, 846, 868, 871, 895, 906, 949, 985, 986
847: 12, 25, 49, 57, 64, 87, 94, 111, 166, 180, 189, 251, 531, 540, 547, 565, 630, 663, 673, 706, 840, 847, 881, 919, 921, 927, 997
848: 306, 674, 698, 848, 968
849: 2, 12, 14, 25, 52, 57, 64, 94, 111, 142, 155, 166, 189, 198, 199, 201, 229, 237, 259, 335, 358, 362, 368, 397, 401, 421, 449, 496, 497, 501, 515, 531, 535, 540, 545, 547, 569, 580, 607, 616, 618, 631, 659, 663, 673, 685, 700, 706, 710, 717, 787, 803, 830, 849, 857, 881, 889, 916, 919, 921, 927, 935, 953, 954, 965, 997, 998
850: 711, 731, 850, 926
851: 83, 234, 241, 419, 465, 608, 677, 835, 851
852: 103, 573, 852
853: 853, 967
854: 304, 517, 854
855: 855
856: 183, 291, 330, 494, 587, 592, 598, 625, 773, 827, 856
857: 2, 12, 15, 25, 49, 57, 64, 87, 94, 111, 164, 166, 180, 189, 199, 230, 251, 362, 363, 368, 381, 397, 501, 531, 535, 540, 545, 547, 580, 616, 633, 645, 663, 673, 683, 706, 710, 766, 778, 787, 830, 840, 849, 857, 881, 889, 895, 919, 921, 927, 997, 998
858: 260, 312, 858
859: 253, 287, 438, 574, 577, 651, 735, 859, 897, 971
860: 680, 860
861: 498, 861, 922
862: 188, 526, 862
863: 100, 369, 392, 650, 863
864: 461, 561, 864
865: 865, 926
866: 866
867: 516, 867
868: 289, 385, 458, 471, 596, 800, 846, 868, 914, 949, 985, 991
869: 128, 869, 989
870: 248, 601, 870
871: 25, 64, 79, 87, 111, 142, 166, 180, 189, 193, 198, 201, 214, 227, 230, 254, 277, 278, 289, 335, 349, 358, 363, 399, 401, 471, 477, 496, 531, 540, 547, 565, 616, 630, 631, 633, 638, 658, 663, 690, 692, 696, 706, 712, 717, 756, 771, 781, 784, 798, 800, 802, 821, 835, 840, 846, 871, 881, 895, 906, 916, 921, 927, 949, 954, 965, 985
872: 306, 527, 699, 872, 968
873: 873
874: 47, 59, 145, 149, 179, 193, 194, 208, 218, 331, 340, 356, 383, 414, 420, 421, 498, 689, 690, 748, 755, 759, 796, 807, 823, 874, 880, 900, 922, 929, 936, 961, 974, 977
875: 32, 628, 875, 879
876: 197, 876
877: 217, 877
878: 680, 878
879: 461, 628, 875, 879, 992
880: 96, 149, 179, 193, 195, 208, 218, 356, 379, 383, 420, 689, 796, 807, 829, 874, 880, 929, 936, 961, 977
881: 2, 3, 12, 15, 25, 49, 57, 64, 87, 94, 111, 166, 180, 183, 189, 251, 259, 294, 335, 362, 363, 381, 390, 397, 401, 449, 496, 500, 501, 509, 531, 540, 545, 547, 580, 616, 663, 673, 677, 685, 700, 706, 725, 766, 778, 786, 787, 830, 840, 847, 849, 857, 871, 881, 882, 919, 921, 927, 953, 954, 997, 998
882: 87, 91, 111, 166, 248, 251, 255, 431, 540, 568, 663, 725, 766, 840, 881, 882, 927, 973
883: 883
884: 156, 884
885: 101, 178, 183, 211, 223, 240, 255, 377, 396, 446, 547, 570, 587, 632, 647, 773, 827, 885, 893
886: 886
887: 233, 304, 460, 461, 843, 887
888: 230, 262, 323, 559, 605, 642, 888, 895
889: 94, 155, 199, 237, 259, 351, 358, 362, 368, 381, 397, 401, 449, 496, 535, 580, 618, 659, 663, 673, 685, 700, 710, 830, 849, 857, 889, 919, 935, 953, 954, 997, 998
890: 365, 445, 492, 575, 845, 890
891: 226, 488, 637, 684, 891
892: 60, 124, 227, 231, 301, 354, 402, 410, 433, 458, 523, 536, 551, 567, 572, 588, 658, 712, 737, 800, 892, 914, 920, 979, 984, 991
893: 14, 25, 101, 148, 178, 183, 223, 240, 255, 277, 316, 377, 396, 407, 431, 485, 488, 570, 587, 632, 706, 713, 725, 885, 893, 921, 969
894: 628, 799, 894
895: 25, 64, 87, 94, 142, 148, 166, 198, 201, 227, 230, 278, 316, 340, 349, 358, 381, 397, 399, 474, 477, 501, 531, 535, 565, 616, 630, 631, 633, 659, 663, 706, 717, 723, 781, 787, 798, 802, 821, 846, 857, 871, 888, 895, 906, 916, 965, 997, 998
896: 896
897: 93, 245, 279, 287, 574, 577, 826, 859, 897, 971
898: 898
899: 269, 270, 899
900: 31, 59, 109, 117, 193, 208, 230, 252, 326, 332, 340, 421, 498, 690, 739, 874, 900, 922, 956, 961, 977
901: 901
902: 902
903: 903
904: 904
905: 177, 491, 905
906: 64, 79, 87, 94, 111, 142, 148, 166, 198, 201, 227, 230, 251, 254, 278, 279, 286, 349, 358, 363, 381, 385, 399, 474, 477, 531, 540, 565, 603, 616, 630, 631, 633, 638, 658, 659, 663, 692, 694, 696, 706, 712, 717, 781, 798, 802, 821, 846, 871, 895, 906, 927, 953, 985, 997
907: 907
908: 57, 111, 189, 231, 289, 294, 325, 339, 373, 435, 458, 536, 540, 596, 658, 706, 771, 787, 800, 821, 908, 914, 927
909: 909
910: 309, 910
911: 59, 911, 936, 961
912: 747, 762, 912
913: 17, 72, 113, 416, 470, 743, 803, 913, 933, 942
914: 231, 289, 325, 402, 458, 480, 486, 523, 536, 551, 567, 585, 588, 596, 622, 658, 679, 712, 784, 800, 821, 868, 892, 908, 914, 984, 991
915: 730, 915
916: 14, 79, 111, 142, 189, 198, 201, 229, 230, 254, 259, 335, 349, 358, 399, 401, 449, 474, 477, 496, 497, 545, 569, 616, 630, 631, 659, 673, 685, 692, 696, 700, 717, 723, 781, 798, 821, 830, 835, 849, 871, 895, 916, 919, 927, 953, 954, 965
917: 198, 254, 349, 358, 399, 474, 631, 752, 917
918: 3, 105, 137, 174, 221, 362, 394, 422, 466, 581, 673, 719, 749, 815, 830, 918, 919, 945, 994
919: 2, 12, 14, 25, 49, 52, 64, 72, 79, 94, 111, 142, 155, 166, 174, 180, 198, 199, 229, 237, 251, 259, 335, 349, 358, 362, 363, 368, 397, 401, 449, 496, 497, 501, 515, 531, 535, 540, 545, 547, 569, 580, 607, 618, 631, 659, 663, 673, 685, 692, 700, 706, 710, 717, 766, 781, 803, 830, 847, 849, 857, 881, 889, 916, 918, 919, 921, 927, 935, 953, 954, 997, 998
920: 60, 124, 227, 402, 433, 523, 551, 567, 588, 712, 892, 920, 979
921: 2, 12, 14, 15, 25, 49, 57, 64, 87, 94, 111, 164, 166, 180, 189, 199, 251, 362, 363, 381, 390, 397, 416, 496, 501, 531, 540, 545, 547, 616, 645, 663, 673, 683, 706, 710, 766, 787, 798, 830, 840, 847, 849, 857, 871, 881, 893, 919, 921, 927, 954, 998
922: 59, 94, 96, 117, 145, 149, 331, 340, 383, 414, 421, 498, 689, 739, 748, 755, 759, 807, 861, 874, 900, 922, 961, 974, 977, 998
923: 32, 374, 722, 923, 992
924: 924
925: 925
926: 78, 132, 332, 539, 702, 711, 850, 865, 926
927: 2, 12, 14, 25, 27, 49, 52, 57, 64, 79, 87, 94, 111, 142, 166, 180, 189, 201, 251, 255, 259, 294, 335, 362, 363, 381, 397, 399, 401, 407, 449, 477, 496, 497, 500, 501, 531, 540, 547, 591, 607, 616, 618, 630, 638, 658, 663, 673, 677, 685, 692, 700, 703, 706, 766, 771, 786, 787, 798, 807, 821, 830, 840, 847, 849, 857, 871, 881, 882, 906, 908, 916, 919, 921, 927, 953, 954, 973, 977, 997, 998
928: 553, 928
929: 96, 149, 179, 193, 218, 326, 356, 379, 383, 420, 421, 689, 690, 796, 807, 874, 880, 929, 936, 961, 974, 977
930: 275, 333, 769, 930, 943, 999
931: 931, 962
932: 654, 932
933: 17, 470, 743, 763, 803, 913, 933
934: 934
935: 14, 25, 49, 50, 52, 64, 94, 142, 199, 229, 259, 335, 358, 362, 368, 399, 401, 496, 497, 501, 515, 535, 545, 547, 569, 580, 673, 706, 710, 717, 781, 786, 830, 849, 889, 919, 935, 954, 998
936: 152, 208, 337, 356, 379, 383, 420, 796, 829, 874, 880, 911, 929, 936, 961
937: 937
938: 108, 168, 388, 489, 491, 532, 600, 774, 804, 938, 947, 955
939: 939
940: 940
941: 9, 310, 359, 425, 548, 549, 611, 839, 941
942: 17, 69, 210, 239, 446, 642, 743, 763, 803, 913, 942
943: 63, 275, 322, 333, 550, 769, 772, 930, 943, 999
944: 85, 174, 395, 422, 444, 545, 607, 944
945: 3, 103, 105, 137, 221, 330, 363, 394, 464, 466, 581, 719, 749, 815, 834, 918, 945, 958, 970, 994
946: 8, 946
947: 168, 329, 452, 489, 600, 672, 682, 728, 774, 804, 938, 947, 955
948: 948
949: 49, 64, 79, 189, 254, 289, 294, 349, 385, 399, 458, 462, 471, 477, 585, 596, 630, 638, 646, 692, 781, 784, 798, 800, 821, 846, 868, 871, 949, 985
950: 668, 950
951: 504, 571, 951
952: 26, 63, 71, 182, 322, 388, 447, 526, 600, 656, 772, 952
953: 72, 79, 87, 94, 111, 142, 155, 166, 174, 189, 198, 199, 227, 237, 251, 254, 259, 335, 349, 358, 362, 363, 368, 381, 401, 449, 474, 496, 497, 531, 535, 540, 545, 580, 607, 618, 631, 659, 663, 673, 685, 692, 696, 700, 710, 766, 781, 830, 849, 881, 889, 906, 916, 919, 927, 953, 954, 997
954: 2, 12, 14, 25, 52, 57, 64, 79, 87, 94, 111, 142, 155, 166, 189, 199, 229, 259, 335, 358, 362, 368, 397, 401, 421, 449, 477, 496, 497, 515, 531, 535, 540, 545, 547, 569, 580, 607, 618, 659, 663, 673, 685, 692, 700, 706, 710, 717, 781, 798, 830, 849, 871, 881, 889, 916, 919, 921, 927, 935, 953, 954, 965
955: 63, 108, 168, 322, 447, 489, 491, 600, 804, 938, 947, 955
956: 120, 266, 346, 437, 439, 823, 900, 956
957: 546, 599, 957
958: 3, 219, 294, 834, 945, 958, 970
959: 959
960: 615, 960
961: 47, 59, 96, 149, 194, 195, 208, 218, 326, 356, 379, 383, 420, 421, 498, 562, 689, 690, 748, 759, 796, 807, 829, 874, 880, 900, 911, 922, 929, 936, 961, 974, 977
962: 136, 233, 284, 828, 931, 962
963: 963
964: 100, 105, 138, 251, 294, 325, 363, 373, 390, 435, 464, 509, 627, 766, 834, 964
965: 14, 79, 142, 185, 198, 201, 221, 230, 254, 335, 349, 358, 362, 399, 401, 477, 616, 630, 631, 673, 692, 696, 700, 717, 723, 752, 781, 792, 798, 830, 849, 871, 895, 916, 954, 965
966: 121, 533, 639, 747, 966
967: 853, 967
968: 225, 306, 527, 848, 872, 968
969: 126, 148, 201, 255, 277, 279, 316, 338, 377, 396, 407, 552, 603, 616, 630, 792, 798, 893, 969, 986
970: 3, 105, 719, 815, 945, 958, 970, 994
971: 24, 93, 200, 253, 367, 458, 517, 538, 577, 651, 735, 859, 897, 971
972: 88, 972
973: 87, 91, 111, 189, 255, 377, 431, 515, 540, 568, 725, 766, 794, 882, 927, 973
974: 47, 145, 194, 331, 383, 421, 498, 522, 562, 689, 748, 874, 922, 929, 961, 974, 977
975: 975
976: 121, 274, 502, 529, 606, 762, 976
977: 59, 96, 145, 149, 179, 193, 208, 218, 331, 356, 379, 383, 414, 420, 421, 498, 663, 689, 755, 759, 796, 807, 823, 874, 880, 900, 922, 927, 929, 961, 974, 977
978: 434, 720, 754, 978
979: 60, 124, 301, 354, 433, 510, 523, 551, 567, 572, 712, 892, 920, 979, 984
980: 287, 367, 980
981: 981
982: 434, 982
983: 806, 983
984: 16, 124, 231, 402, 433, 523, 536, 551, 567, 572, 646, 892, 914, 979, 984, 991
985: 49, 64, 79, 87, 213, 227, 254, 301, 339, 349, 354, 385, 399, 458, 471, 474, 477, 500, 585, 591, 616, 630, 638, 646, 658, 692, 712, 771, 781, 784, 786, 798, 800, 821, 846, 868, 871, 906, 949, 985
986: 148, 201, 277, 316, 338, 382, 633, 821, 846, 969, 986
987: 987
988: 38, 988
989: 19, 655, 709, 869, 989
990: 147, 288, 990
991: 16, 227, 231, 289, 385, 402, 458, 523, 536, 551, 572, 585, 596, 622, 646, 735, 800, 802, 868, 892, 914, 984, 991
992: 879, 923, 992
993: 993
994: 3, 105, 394, 464, 509, 581, 719, 749, 815, 918, 945, 970, 994
995: 666, 995
996: 549, 996
997: 2, 12, 25, 64, 87, 94, 111, 155, 166, 180, 189, 198, 201, 227, 230, 237, 241, 251, 259, 278, 362, 381, 397, 401, 449, 501, 531, 535, 540, 547, 616, 618, 630, 631, 633, 659, 663, 685, 700, 706, 710, 766, 787, 830, 847, 849, 857, 881, 889, 895, 906, 919, 927, 953, 997, 998
998: 2, 12, 15, 25, 49, 57, 64, 87, 94, 164, 166, 180, 201, 230, 239, 251, 362, 363, 381, 397, 416, 464, 501, 509, 531, 535, 540, 545, 547, 569, 633, 642, 645, 663, 673, 683, 706, 710, 766, 778, 786, 787, 830, 840, 849, 857, 881, 889, 895, 919, 921, 922, 927, 935, 997, 998
999: 63, 275, 322, 447, 550, 760, 930, 943, 999
edgeCount: 11286
