0: 0, 75
1: 1, 3, 7, 12, 17, 21, 37, 48, 56, 57, 87, 93, 95, 118, 132, 137, 145, 149, 159, 161, 172, 181
2: 2, 96, 131
3: 1, 3, 7, 12, 17, 26, 37, 40, 48, 57, 87, 93, 95, 118, 137, 144, 145, 149, 153, 159, 161, 172, 181, 187
4: 4, 30, 31, 36, 69, 103, 104, 154, 158, 165, 182, 192, 197
5: 5, 46, 70, 134, 174, 197
6: 6, 33, 94, 107, 121
7: 1, 3, 7, 12, 13, 17, 21, 26, 37, 40, 48, 57, 67, 87, 92, 93, 95, 118, 132, 137, 144, 145, 149, 159, 161, 172, 181
8: 8, 11, 29, 35, 147
9: 9, 105
10: 10, 12, 95, 123, 153
11: 8, 11
12: 1, 3, 7, 10, 12, 13, 17, 21, 26, 37, 40, 48, 56, 57, 67, 87, 92, 93, 95, 104, 118, 132, 137, 144, 145, 149, 153, 159, 160, 161, 172, 176, 181, 187, 190, 197
13: 7, 12, 13, 26, 30, 36, 37, 43, 49, 57, 92, 93, 104, 118, 124, 161, 166, 172, 176, 181, 182
14: 14, 85, 127, 193
15: 15, 177
16: 16, 28, 56, 67, 69, 90, 91, 119, 147, 154, 157, 171, 188, 192, 197
17: 1, 3, 7, 12, 17, 21, 26, 37, 40, 48, 56, 57, 67, 87, 91, 92, 93, 95, 118, 124, 132, 137, 144, 145, 149, 159, 160, 161, 172, 181, 187, 197
18: 18, 24, 46, 55, 195
19: 19, 20, 108, 153
20: 19, 20, 108
21: 1, 7, 12, 17, 21, 37, 48, 49, 56, 57, 67, 87, 93, 95, 118, 132, 137, 159, 161, 172, 181, 197
22: 22, 94, 105, 107, 140, 192, 196
23: 23, 88
24: 18, 24, 46, 71, 134, 198
25: 25
26: 3, 7, 12, 13, 17, 26, 37, 40, 48, 57, 87, 93, 95, 118, 144, 149, 160, 161, 171, 172, 181
27: 27
28: 16, 28, 69, 90, 91, 119, 147, 157, 171, 188, 197
29: 8, 29, 35, 188
30: 4, 13, 30, 56, 92, 104, 124, 176, 182, 192
31: 4, 31, 69, 105, 154, 157, 158, 192
32: 32, 106, 139, 178
33: 6, 33
34: 34, 41
35: 8, 29, 35, 167
36: 4, 13, 36, 91, 192
37: 1, 3, 7, 12, 13, 17, 21, 26, 37, 40, 48, 56, 57, 64, 87, 93, 95, 118, 132, 137, 144, 145, 149, 159, 160, 161, 172, 176, 181, 190, 197
38: 38
39: 39, 61, 62, 86
40: 3, 7, 12, 17, 26, 37, 40, 48, 87, 93, 95, 118, 137, 144, 145, 149, 160, 161, 187
41: 34, 41
42: 42, 46, 63, 110, 115, 146, 198
43: 13, 43, 49, 92, 104, 124, 160, 176, 182
44: 44, 106, 126, 130
45: 45
46: 5, 18, 24, 42, 46, 63, 70, 71, 195, 198
47: 47, 178
48: 1, 3, 7, 12, 17, 21, 26, 37, 40, 48, 57, 87, 93, 95, 118, 124, 132, 137, 144, 145, 149, 159, 160, 161, 172, 175, 181
49: 13, 21, 43, 49, 92, 104, 124, 159, 176
50: 50
51: 51, 142, 143, 199
52: 52
53: 53, 178
54: 54
55: 18, 55, 162
56: 1, 12, 16, 17, 21, 30, 37, 56, 57, 67, 87, 91, 95, 119, 132, 137, 157, 159, 161, 172, 181, 182, 197
57: 1, 3, 7, 12, 13, 17, 21, 26, 37, 48, 56, 57, 87, 91, 92, 93, 95, 118, 129, 132, 137, 145, 149, 159, 160, 161, 172, 176, 181, 197
58: 58, 185
59: 59
60: 60
61: 39, 61
62: 39, 62, 126
63: 42, 46, 63, 110, 146, 198
64: 37, 64, 86, 101, 126, 129, 172, 190
65: 65
66: 66, 77, 99
67: 7, 12, 16, 17, 21, 56, 67, 87, 94, 95, 119, 132, 137, 157, 159, 184
68: 68, 85, 116, 138, 148
69: 4, 16, 28, 31, 69, 77, 154, 157, 158, 192
70: 5, 46, 70, 174, 198
71: 24, 46, 71, 198
72: 72
73: 73, 126
74: 74
75: 0, 75, 170
76: 76, 179, 196
77: 66, 69, 77, 136, 165
78: 78
79: 79
80: 80
81: 81
82: 82
83: 83
84: 84
85: 14, 68, 85, 116, 134, 138, 148
86: 39, 64, 86, 126, 139, 190, 198
87: 1, 3, 7, 12, 17, 21, 26, 37, 40, 48, 56, 57, 67, 87, 93, 95, 118, 124, 132, 137, 144, 145, 149, 159, 160, 161, 172, 181, 187, 197
88: 23, 88, 97, 164
89: 89
90: 16, 28, 90, 147
91: 16, 17, 28, 36, 56, 57, 91, 157, 161, 171, 181, 188, 197
92: 7, 12, 13, 17, 30, 43, 49, 57, 92, 95, 104, 124, 137, 145, 149, 172, 176, 181, 182
93: 1, 3, 7, 12, 13, 17, 21, 26, 37, 40, 48, 57, 87, 93, 95, 118, 132, 137, 144, 145, 149, 160, 161, 172, 181, 187
94: 6, 22, 67, 94, 105, 132, 137, 140, 157, 159
95: 1, 3, 7, 10, 12, 17, 21, 26, 37, 40, 48, 56, 57, 67, 87, 92, 93, 95, 104, 118, 124, 132, 137, 144, 145, 149, 159, 161, 172, 181, 190, 197
96: 2, 96, 131, 173
97: 88, 97, 146
98: 98
99: 66, 99
100: 100
101: 64, 101, 127, 129, 190
102: 102
103: 4, 103, 165
104: 4, 12, 13, 30, 43, 49, 92, 95, 104, 124, 137, 159, 176, 182
105: 9, 22, 31, 94, 105, 107, 140, 192
106: 32, 44, 106, 178
107: 6, 22, 105, 107, 121, 140, 158
108: 19, 20, 108
109: 109
110: 42, 63, 110, 146, 164
111: 111
112: 112, 126, 128
113: 113, 121, 196
114: 114
115: 42, 115
116: 68, 85, 116, 138, 148, 190
117: 117, 173
118: 1, 3, 7, 12, 13, 17, 21, 26, 37, 40, 48, 57, 87, 93, 95, 118, 129, 132, 137, 144, 145, 149, 159, 160, 161, 172, 181
119: 16, 28, 56, 67, 119, 132, 157, 159, 184
120: 120
121: 6, 107, 113, 121, 166
122: 122, 126, 128
123: 10, 123, 153
124: 13, 17, 30, 43, 48, 49, 87, 92, 95, 104, 124, 144, 145, 176
125: 125
126: 44, 62, 64, 73, 86, 112, 122, 126, 128, 190
127: 14, 101, 127, 190
128: 112, 122, 126, 128, 130
129: 57, 64, 101, 118, 129, 161, 181, 190
130: 44, 128, 130
131: 2, 96, 131
132: 1, 7, 12, 17, 21, 37, 48, 56, 57, 67, 87, 93, 94, 95, 118, 119, 132, 137, 144, 159, 172, 184
133: 133
134: 5, 24, 85, 134, 148
135: 135
136: 77, 136, 165
137: 1, 3, 7, 12, 17, 21, 37, 40, 48, 56, 57, 67, 87, 92, 93, 94, 95, 104, 118, 132, 137, 144, 145, 149, 159, 161, 172, 181
138: 68, 85, 116, 138, 148
139: 32, 86, 139, 178
140: 22, 94, 105, 107, 140
141: 141
142: 51, 142, 179, 194
143: 51, 143
144: 3, 7, 12, 17, 26, 37, 40, 48, 87, 93, 95, 118, 124, 132, 137, 144, 145, 149, 160, 161, 187
145: 1, 3, 7, 12, 17, 37, 40, 48, 57, 87, 92, 93, 95, 118, 124, 137, 144, 145, 149, 172, 175, 181
146: 42, 63, 97, 110, 146, 162, 183
147: 8, 16, 28, 90, 147, 157, 188
148: 68, 85, 116, 134, 138, 148
149: 1, 3, 7, 12, 17, 26, 37, 40, 48, 57, 87, 92, 93, 95, 118, 137, 144, 145, 149, 159, 161, 172, 181
150: 150
151: 151
152: 152
153: 3, 10, 12, 19, 123, 153
154: 4, 16, 31, 69, 154, 192
155: 155
156: 156
157: 16, 28, 31, 56, 67, 69, 91, 94, 119, 147, 157, 171, 188, 192, 197
158: 4, 31, 69, 107, 158, 192
159: 1, 3, 7, 12, 17, 21, 37, 48, 49, 56, 57, 67, 87, 94, 95, 104, 118, 119, 132, 137, 149, 159, 172, 181
160: 12, 17, 26, 37, 40, 43, 48, 57, 87, 93, 118, 144, 160, 161, 187
161: 1, 3, 7, 12, 13, 17, 21, 26, 37, 40, 48, 56, 57, 87, 91, 93, 95, 118, 129, 137, 144, 149, 160, 161, 172, 181, 187, 197
162: 55, 146, 162
163: 163, 194
164: 88, 110, 164
165: 4, 77, 103, 136, 165
166: 13, 121, 166
167: 35, 167
168: 168
169: 169
170: 75, 170
171: 16, 26, 28, 91, 157, 171, 188, 197
172: 1, 3, 7, 12, 13, 17, 21, 26, 37, 48, 56, 57, 64, 87, 92, 93, 95, 118, 132, 137, 145, 149, 159, 161, 172, 176, 181, 197
173: 96, 117, 173
174: 5, 70, 174
175: 48, 145, 175
176: 12, 13, 30, 37, 43, 49, 57, 92, 104, 124, 172, 176, 181, 182
177: 15, 177
178: 32, 47, 53, 106, 139, 178
179: 76, 142, 179, 196
180: 180, 183
181: 1, 3, 7, 12, 13, 17, 21, 26, 37, 48, 56, 57, 87, 91, 92, 93, 95, 118, 129, 137, 145, 149, 159, 161, 172, 176, 181, 197
182: 4, 13, 30, 43, 56, 92, 104, 176, 182, 192
183: 146, 180, 183
184: 67, 119, 132, 184
185: 58, 185
186: 186
187: 3, 12, 17, 40, 87, 93, 144, 160, 161, 187
188: 16, 28, 29, 91, 147, 157, 171, 188, 197
189: 189
190: 12, 37, 64, 86, 95, 101, 116, 126, 127, 129, 190
191: 191
192: 4, 16, 22, 30, 31, 36, 69, 105, 154, 157, 158, 182, 192
193: 14, 193
194: 142, 163, 194
195: 18, 46, 195, 198
196: 22, 76, 113, 179, 196
197: 4, 5, 12, 16, 17, 21, 28, 37, 56, 57, 87, 91, 95, 157, 161, 171, 172, 181, 188, 197
198: 24, 42, 46, 63, 70, 71, 86, 195, 198
199: 51, 199
edgeCount: 1462
