1: 301
2: 12, 83, 87, 90, 100, 111, 166, 174, 180, 241, 251, 259, 363, 390, 465, 496, 509, 514, 531, 540, 591, 627, 650, 677, 706, 766, 834, 840, 851, 863, 867, 881, 927
3: 103, 105, 137, 219, 221, 288, 299, 330, 363, 369, 394, 466, 519, 579, 581, 719, 815, 907, 918, 945, 958, 970, 994
4: 43, 51, 115, 129, 168, 268, 293, 303, 324, 327, 345, 495, 510, 530, 532, 576, 639, 652, 833, 947
5: 447, 555
6: 589
7: 32, 563, 634, 799
8: 317, 323, 445, 670, 824
9: 249, 359, 423, 425, 488, 512, 548, 549, 611, 640, 657, 822, 823, 839, 941, 996
10: 246, 679
11: 183, 240, 387, 598, 608, 778, 827
12: 2, 15, 25, 49, 64, 94, 166, 392, 482, 501, 531, 540, 547, 615, 650, 673, 677, 706, 786, 840, 867, 881, 921, 927, 960, 998
13: 612, 818
14: 25, 362, 419, 496, 673, 677, 788, 830, 849, 919, 921, 954
15: 12, 25, 49, 50, 152, 160, 294, 360, 363, 464, 501, 509, 547, 615, 645, 786, 958, 960, 998
16: 307, 832, 843, 991
17: 113, 239, 416, 559, 605, 659, 743, 763, 803, 913, 933, 942
18: 28, 68, 114, 133, 184, 205, 209, 313, 378, 405, 432, 436, 459, 524, 543, 626, 674, 698, 707, 729, 744, 816, 848
19: 56, 97, 141, 158, 225, 260, 272, 288, 299, 355, 369, 413, 454, 519, 655, 662, 698, 699, 709, 872, 958, 968, 989, 990
20: 26, 398, 441, 544, 793, 838
21: 26, 37, 182, 232, 312, 329, 347, 417, 452, 489, 722, 728, 833, 930, 947
22: 23, 109, 185, 193, 326, 366, 701, 900
23: 22, 193, 326, 366, 701
24: 410, 445, 517, 529, 716, 826, 845
25: 12, 14, 15, 57, 94, 166, 234, 392, 501, 540, 547, 677, 706, 857, 881, 921, 927, 998
26: 20, 21, 43, 51, 56, 71, 125, 192, 232, 309, 327, 329, 417, 452, 526, 600, 639, 793, 804, 833, 838, 947, 952
27: 69, 90, 210, 214, 296, 451, 504, 703, 794, 831
28: 18, 34, 68, 114, 459, 490, 524, 736, 753, 791, 795, 825, 860, 865, 926
29: 183, 494, 876
30: 583
31: 109, 117, 161, 185, 252, 340, 366, 550, 690, 760, 769, 900
32: 7, 266, 276, 342, 617, 634, 799, 875
33: 348, 553, 614, 654, 669, 805, 928
34: 28, 68, 114, 209, 242, 459, 490, 736, 764, 791, 795, 825, 866
36: 415, 718, 841
37: 21, 213, 366, 682
38: 106, 182, 206, 232, 374, 489, 774, 801, 981
39: 48, 317, 365, 445, 492, 575, 670, 813, 824, 890
40: 85, 100, 138, 435, 444, 810, 834
41: 52, 80, 174, 219, 259, 341, 390, 394, 395, 422, 591, 607
42: 589
43: 4, 26, 51, 61, 115, 143, 304, 327, 329, 370, 375, 406, 530, 576, 623, 761, 833, 854
44: 897
45: 558, 790, 860, 866
46: 253
47: 59, 96, 149, 421, 522, 550, 562, 689, 748, 961, 974
48: 39, 130, 304, 305, 365, 410, 445, 492, 517, 575, 670, 824, 826, 845, 854, 890
49: 12, 15, 52, 64, 497, 500, 501, 504, 547, 569, 778, 786, 840, 867
50: 15, 160, 615, 645, 935, 960
51: 4, 26, 43, 61, 192, 268, 329, 510, 530, 639, 652, 730, 833, 915
52: 41, 49, 174, 259, 390, 496, 497, 500, 545, 569, 580, 786, 840
53: 92, 165, 222, 654, 669, 884
54: 82, 225, 284, 405, 511, 524, 527, 604, 641, 648, 674, 699, 715, 736, 753, 764, 791, 825, 836, 937
55: 303, 345, 403, 593, 754
56: 19, 26, 133, 141, 156, 162, 188, 236, 260, 272, 348, 355, 454, 493, 546, 595, 599, 643, 655, 662, 862, 957, 989
57: 25, 164, 921
59: 47, 96, 149, 195, 340, 356, 383, 498, 689, 748, 759, 768, 874, 911, 922, 961, 977
60: 386, 433, 480, 523, 551, 588, 979
61: 43, 51, 115, 121, 192, 293, 307, 370, 493, 530, 533, 623, 639, 730, 747, 843, 915, 966
62: 66, 131, 156, 158, 320, 519, 852, 968, 987
63: 71, 106, 108, 125, 161, 232, 275, 322, 340, 344, 398, 417, 447, 450, 489, 507, 526, 532, 544, 597, 600, 690, 722, 737, 767, 769, 952, 955
64: 12, 49, 111, 171, 189, 399, 477, 501, 504, 531, 540, 547, 569, 706, 756, 786, 787, 867, 927
65: 77, 157, 761, 988
66: 62, 67, 158, 165, 987
67: 66, 708, 987
68: 18, 28, 34, 114, 133, 209, 306, 403, 408, 432, 436, 454, 459, 490, 511, 524, 527, 543, 583, 674, 698, 707, 729, 736, 744, 762, 791, 795, 816, 825, 848, 872, 898, 968
69: 27, 171, 186, 210, 446, 470, 504, 819, 942
70: 385, 846, 868
71: 26, 63, 108, 121, 125, 161, 192, 232, 309, 322, 327, 398, 417, 447, 450, 502, 526, 532, 544, 600, 737, 739, 772, 793, 838, 952, 955
72: 139, 215, 518, 587, 598
73: 134, 144, 490, 529, 606, 731, 762, 850, 976
74: 610, 734
76: 136, 154, 678, 699, 872
77: 65, 894
78: 132, 270, 274, 332, 403, 428, 502, 539, 665, 702, 711, 762, 795, 811, 850, 865, 926, 946, 976
79: 142, 198, 254, 631, 692, 696, 717, 781, 798, 871, 916, 965
80: 41, 174, 363, 390, 509, 591, 766
81: 260, 454, 602, 698
82: 54, 97, 141, 147, 172, 225, 284, 288, 299, 348, 412, 519, 527, 599, 641, 648, 655, 674, 699, 836, 968, 990
83: 2, 90, 135, 166, 238, 239, 262, 360, 416, 485, 531, 558, 571, 642, 741, 743, 763, 819, 851, 881, 888, 933
84: 235, 264, 293, 403, 495, 593, 720, 747
85: 40, 395, 422, 444, 944
86: 783
87: 2, 111, 166, 180, 189, 237, 241, 251, 259, 339, 363, 381, 387, 390, 401, 449, 465, 496, 531, 540, 618, 627, 663, 685, 700, 706, 766, 771, 778, 840, 851, 881, 882, 927, 997
88: 90, 116, 242, 957, 972
89: 264
90: 2, 27, 83, 88, 296, 504, 677, 794, 831
92: 53, 156, 336, 423, 499, 584, 657, 884
93: 191, 343, 367, 897, 971
94: 12, 25, 166, 234, 362, 363, 397, 501, 531, 642, 663, 706, 710, 787, 849, 857, 881, 919, 921, 964, 997, 998
96: 47, 59, 149, 472, 498, 619, 689, 748, 922, 961, 974, 977
97: 19, 82, 116, 141, 147, 152, 179, 195, 208, 236, 272, 295, 299, 337, 348, 356, 379, 383, 413, 420, 454, 619, 796, 829, 880, 884, 928, 929, 936, 961, 990
98: 119, 375, 434, 495, 556, 688, 762, 978
100: 2, 40, 138, 251, 294, 360, 363, 369, 435, 464, 509, 514, 627, 727, 808, 834, 863, 881, 964
101: 178, 211, 377, 518, 570, 587, 625, 647, 713, 773, 885, 893
103: 3, 105, 221, 258, 330, 579, 610, 733, 734, 773, 815, 903, 945
105: 3, 103, 221, 330, 363, 369, 394, 464, 466, 509, 519, 581, 719, 749, 815, 834, 918, 945, 958, 964, 970, 994
106: 38, 63, 108, 182, 232, 322, 345, 388, 417, 447, 489, 600, 656, 737, 772, 938, 952, 955
107: 414, 759
108: 63, 71, 106, 125, 161, 168, 182, 193, 207, 312, 322, 326, 340, 344, 388, 417, 447, 450, 489, 491, 507, 526, 600, 690, 722, 737, 767, 769, 804, 938, 952, 955
109: 22, 31, 185, 193, 252, 326, 366, 900
110: 123, 141, 154, 299, 369, 514, 958, 962, 970
111: 2, 64, 87, 166, 189, 251, 540, 547, 663, 677, 706, 766, 794, 840, 881, 927
112: 292
113: 17, 442, 559, 605, 665
114: 18, 28, 34, 68, 205, 209, 216, 313, 378, 440, 459, 543, 593, 680, 707, 729, 744, 795, 860, 948
115: 4, 43, 61, 129, 134, 303, 304, 327, 345, 365, 410, 445, 492, 502, 529, 576, 606, 623, 639, 833, 838, 854, 976
116: 88, 97, 149, 179, 242, 356, 379, 383, 384, 393, 413, 454, 796, 807, 880, 929, 977
117: 31, 161, 340, 398, 739, 755, 768, 900
119: 98, 290, 352, 370, 375, 434, 495, 533
120: 266, 437, 439, 823, 900, 956
121: 61, 71, 192, 327, 502, 526, 530, 533, 606, 730, 747, 836, 873, 952, 966, 976
122: 256, 266, 359, 425, 437, 439, 549, 839, 853, 941
123: 110, 154, 412, 478, 931, 970
124: 386, 433, 523, 551, 567, 572, 806, 892, 920, 984
125: 26, 63, 71, 108, 161, 168, 193, 232, 309, 322, 326, 327, 366, 417, 450, 502, 526, 544, 595, 600, 690, 739, 793, 838, 952, 955
126: 151, 181, 215, 277, 279, 308, 453, 574, 603
127: 320, 780
128: 275, 312, 333, 344, 507, 722, 769, 930
129: 4, 115, 134, 207, 303, 327, 345, 357, 388, 526, 532, 576, 600, 606, 656, 782, 797, 804, 938, 952
130: 48, 323, 410, 445, 605, 670, 716, 826, 854
131: 62, 423, 624, 987
132: 78, 270, 274, 332, 403, 428, 502, 539, 606, 665, 702, 711, 762, 795, 811, 825, 865, 898, 926, 976
133: 18, 56, 68, 162, 209, 306, 432, 493, 524, 527, 594, 604, 661, 662, 674, 698, 709, 848, 872, 968
134: 73, 115, 129, 274, 303, 327, 345, 357, 490, 502, 529, 576, 600, 606, 623, 731, 762, 926, 976
135: 83, 262, 416, 571, 642, 741, 743, 763, 819, 913
136: 76, 360, 485, 529, 678, 716, 819, 872
137: 3, 221, 318, 394, 466, 581, 704, 815, 907, 918, 945
138: 40, 100, 251, 369, 435, 464, 514, 627, 834, 863, 964
139: 72, 183, 215, 503, 518
140: 172, 216, 334, 378, 440, 457
141: 19, 56, 82, 97, 110, 225, 236, 272, 284, 299, 408, 493, 599, 604, 641, 648, 836, 957
142: 79, 198, 254, 358, 477, 616, 630, 631, 692, 717, 781, 798, 835, 871, 916, 954, 965
143: 43, 370, 576, 623
144: 73, 428, 702, 850
145: 179, 194, 208, 331, 383, 414, 421, 498, 689, 748, 874, 922, 974, 977
147: 82, 97, 152, 208, 225, 318, 413, 472, 519, 573, 590, 619, 829, 844, 852, 907, 936, 990
148: 277, 279, 316, 338, 367, 426, 603, 686, 792, 969, 986
149: 47, 59, 96, 116, 179, 195, 356, 379, 383, 393, 498, 522, 619, 689, 690, 748, 796, 807, 874, 880, 922, 929, 961, 974, 977
150: 163, 206, 265, 285, 309, 400, 476, 566, 644, 653, 721, 757, 814, 910
151: 126, 183, 407, 453
152: 15, 97, 147, 208, 413, 519, 619, 645, 715, 829, 844, 907
153: 202, 292, 423, 548, 611, 640, 657, 684, 822, 823
154: 76, 110, 123, 872
155: 199, 397, 401, 419, 449, 545, 659, 710, 788, 830, 851, 889, 919
156: 56, 62, 92, 158, 165, 295, 320, 336, 487, 657, 884
157: 65
158: 19, 62, 66, 156, 267, 320, 336, 527, 573, 583, 654, 669, 724, 884, 932, 987
159: 282, 349, 358
160: 15, 50, 516, 615, 645
161: 31, 63, 71, 108, 117, 125, 193, 274, 322, 326, 333, 340, 366, 398, 417, 439, 544, 597, 690, 760, 767, 900
162: 56, 133, 225, 284, 408, 432, 493, 931, 957
163: 150, 400, 644, 721, 757
164: 57, 921
165: 53, 66, 156, 320, 654, 669, 932
166: 2, 12, 25, 83, 87, 94, 111, 180, 189, 234, 241, 251, 335, 362, 363, 381, 397, 401, 465, 496, 501, 531, 540, 608, 663, 677, 700, 706, 766, 787, 830, 840, 849, 851, 857, 881, 919, 921, 927, 997, 998
167: 375, 403, 539, 556, 593, 688, 714, 731, 754, 762, 898, 912, 926, 946, 978, 993
168: 4, 108, 125, 182, 207, 327, 329, 388, 489, 526, 532, 600, 639, 652, 672, 737, 774, 804, 838, 938, 947, 988
170: 365, 410, 670
171: 64, 69, 210, 446, 485, 642, 819, 951
172: 82, 140, 225, 284, 299, 378, 412, 440, 478, 527, 641, 648, 661, 674, 968, 990
173: 218
174: 2, 41, 52, 80, 219, 237, 251, 259, 363, 390, 496, 497, 509, 545, 580, 685, 766, 840
175: 502, 529, 606, 764, 976
176: 782, 993
177: 194, 208, 905, 936
178: 101, 625, 647, 827, 885
179: 97, 116, 145, 149, 193, 194, 195, 208, 356, 379, 383, 413, 414, 420, 454, 498, 689, 755, 770, 796, 807, 874, 880, 922, 929, 961, 974, 977
180: 2, 87, 166, 241, 251, 465, 531, 663, 766, 840, 847, 851, 881
181: 126, 308, 453, 474
182: 21, 38, 106, 108, 168, 193, 232, 322, 388, 417, 447, 489, 526, 600, 656, 737, 772, 804, 930, 938, 947, 952
183: 11, 29, 139, 151, 223, 291, 377, 396, 407, 592, 598, 625, 636, 687, 773, 827, 856, 876, 885, 893
184: 18, 205, 269, 405, 543, 626, 729
185: 22, 31, 109, 366
186: 69, 210, 504, 545, 649
187: 680, 753, 776
188: 56, 236, 862
189: 64, 87, 111, 166, 335, 496, 531, 540, 663, 677, 706, 766, 771, 840, 871, 881, 908, 921, 927, 954
191: 93, 200, 277, 319, 343, 367, 453, 463, 897, 971
192: 26, 51, 61, 71, 121, 232, 327, 347, 417, 526, 530, 639, 653, 730, 793, 838, 873, 957, 966
193: 22, 23, 108, 109, 125, 161, 179, 182, 322, 326, 344, 366, 379, 383, 447, 489, 690, 739, 796, 807, 880, 900, 929, 955, 956, 977
194: 145, 177, 179, 195, 208, 331, 421, 498, 874, 922, 961, 974, 977
195: 59, 97, 149, 179, 194, 208, 356, 379, 383, 414, 420, 421, 619, 689, 807, 829, 874, 880, 922, 929, 936, 961, 974, 977
196: 238, 424, 451, 704, 831, 962
197: 291, 435, 574, 834, 856, 876, 964
198: 79, 142, 201, 254, 349, 358, 474, 605, 631, 692, 696, 717, 723, 906
199: 155, 710
200: 191, 279, 577
201: 198, 230, 271, 358, 477, 605, 616, 630, 633, 717, 798, 835, 846, 871, 888, 895, 906
202: 153, 439, 563
203: 753, 764, 790
204: 777
205: 18, 114, 184, 313, 405, 459, 539, 543, 556, 593, 729, 744, 791, 860, 866
206: 38, 150, 232, 566, 644, 653, 656, 721, 772, 801, 952
207: 108, 129, 168, 312, 489, 782, 804, 938
208: 97, 145, 147, 152, 177, 179, 194, 195, 356, 379, 383, 413, 414, 420, 498, 619, 689, 829, 844, 874, 880, 900, 922, 929, 936, 961, 974, 977
209: 18, 34, 68, 114, 133, 313, 432, 459, 511, 527, 543, 594, 599, 604, 661, 674, 699, 707, 729, 736, 764, 791, 816, 872, 968
210: 27, 69, 171, 186, 446, 470, 504, 743, 803, 942, 951
211: 101, 456, 518
212: 864
213: 37, 638, 690, 985
214: 27, 296, 451, 746, 794, 811, 828, 831
215: 72, 126, 139, 308, 503, 518, 598
216: 114, 140, 280, 378, 408, 440, 457, 478, 543, 680, 729
217: 330, 734, 877
218: 173, 620, 697
219: 3, 41, 174, 341, 390, 394, 395, 422, 466, 581, 945, 958, 970
220: 438
221: 3, 103, 105, 137, 318, 394, 466, 581, 704, 749, 815, 907, 918, 945
222: 53, 267, 654, 932
223: 183, 257
225: 19, 54, 82, 141, 147, 162, 172, 263, 284, 288, 299, 306, 355, 408, 412, 440, 493, 519, 527, 602, 641, 648, 655, 674, 698, 699, 709, 836, 844, 848, 968, 990
226: 425, 611, 742, 796, 891
227: 286, 289, 323, 467, 536, 605, 631, 638, 646, 658, 798, 821, 871, 906
229: 569, 954
230: 201, 271, 278, 358, 467, 605, 616, 630, 633, 717, 802, 888, 895, 906
231: 289, 402, 458, 486, 536, 585, 596, 712, 800, 914, 991
232: 21, 26, 38, 63, 71, 106, 125, 182, 192, 206, 322, 329, 347, 417, 489, 526, 600, 656, 737, 772, 833, 838, 947, 952
233: 243, 293, 304, 307, 508, 828, 832, 843, 854, 962
234: 25, 94, 166, 397, 482, 531, 787, 851, 921, 998
235: 84, 290, 352, 403, 508, 639, 720, 747, 993
236: 56, 97, 141, 188, 272, 337, 348, 379, 595, 619, 643, 805, 836, 884, 952
237: 87, 174, 241, 259, 401, 449, 465, 580, 618, 659, 685, 700, 953
238: 83, 196, 239, 416, 451, 485, 741, 803, 831, 972
239: 17, 83, 238, 416, 424, 451, 485, 505, 571, 642, 741, 743, 803, 831, 913, 942, 951
240: 11, 667, 683
241: 2, 87, 166, 180, 237, 251, 335, 363, 381, 397, 401, 449, 465, 531, 545, 608, 627, 663, 685, 700, 727, 766, 840, 851, 881, 927, 997
242: 34, 88, 116, 599, 873, 957
243: 233, 247, 304, 537, 832, 843
245: 897
246: 10, 679
247: 243, 679
248: 431, 725, 740, 882, 973
249: 9, 256, 359, 371, 611, 823, 839
251: 2, 87, 100, 111, 138, 166, 174, 180, 241, 259, 363, 387, 390, 435, 465, 500, 509, 514, 528, 540, 591, 627, 663, 766, 778, 834, 840, 851, 881, 927, 964
252: 31, 109, 340, 874, 900, 956
253: 46, 577, 971
254: 79, 142, 198, 349, 358, 399, 474, 477, 631, 638, 692, 756, 781, 916, 985
255: 740
256: 122, 249, 359, 549, 611, 839
257: 223
258: 103, 330, 625, 668, 773, 856, 903
259: 2, 41, 52, 87, 174, 237, 251, 335, 401, 449, 496, 497, 540, 545, 580, 607, 618, 673, 685, 700, 766, 830, 840, 881, 919, 953
260: 19, 56, 81, 454, 662, 858, 989
261: 801
262: 83, 135, 323, 416, 428, 442, 559, 605, 665, 741, 743, 811, 888
263: 225, 306, 519, 626, 844, 848, 869, 907, 968, 987
264: 84, 89, 290, 312, 495, 809, 939
265: 150, 487, 566, 576, 644, 695, 757, 797, 801, 814, 910
266: 32, 120, 122, 342, 437, 539, 956
267: 158, 222, 297, 573, 669, 724, 852, 884, 987
268: 4, 51, 510, 530, 554, 652, 730, 915
269: 184, 899
270: 78, 132, 403, 539, 665, 711, 762, 898, 899, 946
271: 201, 230, 477, 596, 616, 630, 798, 835, 871, 895
272: 19, 56, 97, 141, 236, 348, 454, 595, 599, 600, 602, 643, 655, 681, 836, 862, 884, 952, 990
274: 78, 132, 134, 161, 398, 502, 544, 606, 762, 767, 825, 865, 926, 976
275: 63, 128, 333, 489, 507, 769, 930, 943, 999
276: 32, 342
277: 126, 148, 191, 279, 316, 338, 426, 453, 603, 686, 969
278: 230, 286, 467, 475, 895
279: 126, 148, 200, 277, 338, 453, 552, 574, 603, 969
280: 216, 408, 440, 478
281: 308, 552, 792
282: 159, 723
284: 54, 82, 141, 162, 172, 225, 299, 408, 409, 412, 443, 493, 511, 527, 599, 604, 641, 648, 825, 836, 962
285: 150, 309, 314, 374, 653, 721, 757, 801, 923
286: 227, 278, 289, 381, 385, 467, 605, 633, 646, 895, 906, 997
287: 367, 574, 603, 859, 897, 980
288: 3, 19, 82, 225, 299, 369, 519, 655, 709, 958, 968, 990
289: 227, 231, 286, 307, 385, 458, 467, 536, 585, 596, 646, 658, 800, 802, 949, 991
290: 119, 235, 264, 352, 375, 403, 434, 539, 556, 898
291: 183, 197, 396, 587, 598, 625, 687, 773, 827, 856
292: 112, 153, 310, 611, 637, 891
293: 4, 61, 84, 233, 530, 533, 639, 652, 720, 730, 747, 809, 915
294: 15, 100, 325, 360, 363, 369, 373, 390, 392, 435, 462, 509, 540, 591, 627, 834, 863, 958, 964
295: 97, 156, 829, 884
296: 27, 90, 214, 743, 794, 831
297: 267, 573, 724, 812, 852, 987
298: 426, 570, 598, 713, 893
299: 3, 19, 82, 97, 110, 141, 172, 225, 284, 288, 369, 412, 519, 527, 599, 641, 907, 958, 968, 990
300: 350, 678, 705, 903
301: 1, 354, 523, 585, 806, 979
302: 487
303: 4, 55, 115, 129, 134, 327, 345, 357, 370, 375, 388, 483, 576, 606, 652, 720, 731, 754, 762, 804, 850, 912, 938, 978
304: 43, 48, 115, 233, 243, 307, 365, 410, 445, 492, 508, 517, 575, 843, 854, 890
305: 48, 430, 445, 670, 845, 890
306: 68, 133, 225, 263, 432, 511, 527, 594, 604, 626, 674, 698, 699, 848, 872, 968, 990
307: 16, 61, 233, 289, 304, 508, 536, 828, 832, 843, 854
308: 126, 181, 215, 281, 453, 552
309: 26, 71, 125, 150, 285, 314, 327, 336, 417, 487, 526, 544, 600, 644, 653, 793, 797, 801, 838, 910, 952
310: 292, 423, 611, 624, 941
311: 318
312: 21, 108, 128, 207, 264, 344, 507, 722, 728, 930
313: 18, 114, 205, 209, 457, 543, 707, 729, 959
314: 285, 309, 653
316: 148, 277, 338, 367, 382, 426, 686, 969, 986
317: 8, 39, 445, 688, 813, 824
318: 137, 147, 221, 311, 466, 812, 907
319: 191, 367, 651, 859, 897, 971
320: 62, 127, 156, 158, 165, 336, 657, 884
321: 708, 745, 780
322: 63, 71, 106, 108, 125, 161, 182, 193, 232, 388, 447, 450, 489, 526, 600, 690, 737, 772, 938, 952, 955
323: 8, 130, 227, 262, 410, 428, 442, 445, 605, 716, 888
324: 4, 495, 578
325: 294, 462, 800, 834, 958, 964
326: 22, 23, 108, 109, 125, 161, 193, 366, 489, 550, 690, 760, 900, 929, 952, 955
327: 4, 26, 43, 71, 115, 121, 125, 129, 134, 168, 192, 303, 309, 345, 347, 388, 417, 502, 526, 530, 532, 576, 600, 606, 639, 656, 737, 793, 804, 833, 838, 862, 938, 952
328: 848
329: 21, 26, 43, 51, 168, 232, 417, 452, 600, 833, 838, 947
330: 3, 103, 105, 217, 258, 376, 579, 610, 625, 733, 734, 773, 856, 877, 903, 945
331: 145, 194, 383, 421, 498, 562, 748, 874, 922, 974, 977
332: 78, 132, 340, 428, 437, 502, 539, 558, 665, 702, 711, 790, 811, 900, 926
333: 128, 161, 275, 344, 347, 417, 507, 722, 930, 939
334: 140, 378, 440, 459, 478, 609, 626, 698, 883, 948
335: 166, 189, 241, 259, 362, 401, 449, 496, 531, 545, 618, 659, 663, 673, 685, 700, 830, 849, 916, 919, 927, 953, 954
336: 92, 156, 158, 309, 320, 583, 584, 644, 669, 797, 884
337: 97, 236, 348, 356, 379, 420, 619, 836, 936
338: 148, 277, 279, 316, 603, 792, 969
339: 87, 387, 500, 771, 778
340: 31, 59, 63, 108, 117, 161, 252, 332, 346, 498, 690, 739, 767, 768, 874, 900, 922
341: 41, 219, 394, 466, 581, 970
342: 32, 266, 276, 525, 563, 898
343: 93, 191, 453
344: 63, 108, 128, 193, 312, 333, 403, 417, 489, 491, 507, 722, 769, 799, 930, 943
345: 4, 55, 106, 115, 129, 134, 303, 327, 357, 388, 483, 576, 731, 737, 754, 762, 804, 938
346: 340, 437, 439, 690, 956
347: 21, 192, 232, 327, 333, 417, 452, 722, 737, 793, 838, 930, 939
348: 33, 56, 82, 97, 236, 272, 337, 619, 643, 805, 836
349: 159, 198, 254, 358, 399, 474, 631, 723, 781
350: 300, 424, 470, 704, 803, 942
351: 518, 667
352: 119, 235, 290, 375, 403, 434, 639, 898, 978
354: 301, 523, 585, 979, 985
355: 19, 56, 225, 454, 484, 519, 662, 709, 990
356: 59, 97, 116, 149, 179, 195, 208, 337, 379, 383, 393, 420, 619, 689, 796, 807, 874, 880, 922, 928, 929, 936, 961, 977
357: 129, 134, 303, 345, 576, 606, 731, 762
358: 142, 159, 198, 201, 230, 254, 349, 474, 535, 616, 631, 633, 717, 723, 781, 895, 916, 965
359: 9, 122, 249, 256, 423, 425, 512, 548, 549, 611, 823, 839, 941
360: 15, 83, 100, 136, 294, 363, 627, 678, 834, 863, 964
361: 422
362: 14, 94, 166, 335, 401, 419, 496, 545, 673, 700, 710, 830, 849, 919, 954, 998
363: 2, 3, 15, 80, 87, 94, 100, 105, 166, 174, 241, 251, 294, 360, 369, 390, 435, 464, 509, 531, 540, 591, 627, 663, 766, 830, 834, 840, 857, 863, 881, 921, 927, 945, 960, 964, 994
365: 39, 48, 115, 170, 304, 410, 445, 492, 517, 575, 670, 845, 854, 890
366: 22, 23, 31, 37, 109, 125, 161, 185, 193, 326, 690, 701, 900, 956
367: 93, 148, 191, 287, 316, 319, 426, 574, 603, 651, 859, 897, 971, 980, 986
368: 501, 535, 545, 547, 569, 580, 683, 778, 857, 935
369: 3, 19, 100, 105, 110, 138, 288, 294, 299, 363, 390, 435, 509, 514, 519, 591, 627, 719, 834, 863, 945, 958, 964, 970, 994
370: 43, 61, 119, 143, 303, 375, 576, 623, 714, 747, 754, 912
371: 249
372: 502, 558, 736, 795, 825
373: 294, 462, 958
374: 38, 285, 923
375: 43, 98, 119, 167, 290, 303, 352, 370, 434, 576, 578, 714, 731, 762, 833, 976, 978
376: 330, 579, 610, 877, 903
377: 101, 183, 396, 407, 456, 570, 625, 713, 773, 885, 893, 969
378: 18, 114, 140, 172, 216, 334, 408, 440, 459, 524, 543, 590, 680, 963
379: 97, 116, 149, 179, 193, 195, 208, 236, 337, 356, 383, 413, 420, 454, 619, 643, 689, 796, 807, 874, 880, 929, 936, 961, 977
380: 667
381: 87, 166, 241, 286, 397, 465, 531, 618, 659, 663, 683, 787, 851, 857, 997
382: 316, 621, 732, 792
383: 59, 97, 116, 145, 149, 179, 193, 195, 208, 331, 356, 379, 414, 420, 421, 619, 689, 776, 796, 807, 874, 880, 922, 929, 936, 961, 974, 977
384: 116, 454, 590, 675, 796, 963
385: 70, 286, 289, 399, 467, 471, 646, 846, 868, 949, 991
386: 60, 124, 433, 523, 588
387: 11, 87, 251, 339, 500, 683, 778
388: 106, 108, 129, 168, 182, 303, 322, 327, 345, 447, 489, 491, 526, 532, 600, 656, 737, 804, 938, 952
390: 2, 41, 52, 80, 87, 174, 219, 251, 294, 363, 369, 500, 509, 540, 591, 627, 766, 834, 840, 881, 958, 970
392: 12, 25, 294, 468, 482, 615, 863
393: 116, 149, 356, 418, 472, 595, 602, 619
394: 3, 41, 105, 137, 219, 221, 341, 422, 466, 581, 719, 749, 815, 918, 945, 970
395: 41, 85, 219, 422, 944
396: 183, 291, 377, 773, 856, 893
397: 94, 155, 166, 234, 241, 381, 501, 531, 608, 659, 663, 683, 710, 787, 830, 851, 857, 881, 889, 921, 997, 998
398: 20, 63, 71, 117, 161, 274, 544, 597, 767
399: 64, 254, 349, 385, 467, 471, 477, 616, 630, 633, 638, 756, 781, 798, 846, 871, 949, 985
400: 150, 163, 644, 653, 721
401: 87, 155, 166, 237, 241, 259, 335, 362, 449, 465, 496, 531, 545, 618, 659, 663, 673, 685, 700, 788, 830, 849, 881, 919, 927, 953, 954
402: 231, 458, 486, 523, 551, 572, 585, 596, 712, 784, 800, 806, 914
403: 55, 68, 78, 84, 132, 167, 235, 270, 290, 344, 352, 434, 495, 539, 556, 593, 688, 711, 720, 754, 762, 898, 899, 926, 978, 993
404: 721
405: 18, 54, 184, 205, 432, 511, 527, 543, 661, 674, 715, 729, 736, 753, 764, 791, 937
406: 43, 487, 761, 833, 988
407: 151, 183, 377
408: 68, 141, 162, 216, 225, 280, 284, 378, 412, 440, 493, 662
409: 284, 832, 931, 962
410: 24, 48, 115, 130, 170, 304, 323, 365, 445, 492, 517, 523, 670, 826, 845, 854, 890
412: 82, 123, 172, 225, 284, 299, 408, 440, 478, 527, 641, 674, 699
413: 19, 97, 116, 147, 152, 179, 208, 379, 454, 472, 519, 590, 619, 662, 796, 829, 844, 880, 990
414: 107, 145, 179, 195, 208, 383, 498, 874, 922, 977
415: 36, 718, 841
416: 17, 83, 135, 238, 239, 262, 424, 485, 505, 571, 642, 741, 743, 803, 819, 831, 913, 942, 951
417: 21, 26, 63, 71, 106, 108, 125, 161, 182, 192, 232, 309, 327, 329, 333, 344, 347, 452, 489, 526, 532, 722, 737, 767, 838, 930, 939
418: 393
419: 14, 155, 362, 710, 788, 849
420: 97, 179, 195, 208, 337, 356, 379, 383, 796, 807, 874, 880, 929, 936, 961, 977
421: 47, 145, 194, 195, 331, 383, 748, 874, 929, 961, 974, 977
422: 41, 85, 219, 361, 394, 395, 944
423: 9, 92, 131, 153, 310, 359, 488, 512, 548, 549, 611, 624, 640, 657, 684, 822, 823, 839, 884, 941, 956
424: 196, 239, 350, 416, 464, 783, 931
425: 9, 122, 226, 359, 512, 548, 549, 611, 839, 941
426: 148, 277, 298, 316, 367, 570, 603, 686, 986
428: 78, 132, 144, 262, 323, 332, 529, 539, 558, 702, 711, 714, 731, 736, 762, 811, 850, 898, 926, 976
429: 483, 652
430: 305
431: 248, 725, 740
432: 18, 68, 133, 162, 209, 306, 405, 436, 443, 511, 527, 543, 594, 604, 626, 674, 698, 699, 707, 729, 744, 791, 816, 825, 848, 872, 968
433: 60, 124, 386, 523, 588, 892, 920
434: 98, 119, 290, 352, 375, 403, 539, 556, 754, 898, 978
435: 40, 100, 138, 197, 251, 294, 363, 369, 514, 536, 627, 834, 863, 964
436: 18, 68, 432, 707, 729, 744, 816
437: 120, 122, 266, 332, 346, 439, 611, 637, 823, 853, 956, 967
438: 220
439: 120, 122, 161, 202, 346, 437, 823, 956, 967
440: 114, 140, 172, 216, 225, 280, 334, 378, 408, 412, 478, 543, 674, 948
441: 20
442: 113, 262, 323, 743, 913
443: 284, 432, 511, 527, 594, 604, 715, 736, 791, 825, 968
444: 40, 85
445: 8, 24, 39, 48, 115, 130, 304, 305, 317, 323, 365, 410, 492, 517, 529, 575, 670, 714, 716, 824, 826, 845, 854, 890
446: 69, 171, 210, 485, 642, 819, 942, 951
447: 5, 63, 71, 106, 108, 182, 193, 322, 388, 489, 507, 600, 772, 952, 955
449: 87, 155, 237, 241, 259, 335, 401, 465, 496, 545, 618, 659, 663, 685, 700, 830, 919, 953
450: 63, 71, 108, 125, 322, 600, 682, 690, 739, 814, 990
451: 27, 196, 214, 238, 239, 703, 746, 831, 972
452: 21, 26, 329, 347, 417, 639, 672, 833, 838, 947
453: 126, 151, 181, 191, 277, 279, 308, 343, 494
454: 19, 56, 68, 81, 97, 116, 179, 260, 272, 355, 379, 384, 413, 459, 472, 590, 595, 602, 643, 662, 681, 698, 709, 796, 858, 880, 884, 989, 990
456: 211, 377, 518, 610, 625, 773, 893, 903
457: 140, 216, 313, 543, 707, 729, 959
458: 231, 289, 402, 471, 486, 517, 523, 536, 585, 596, 712, 784, 800, 914, 949, 991
459: 18, 28, 34, 68, 114, 205, 209, 334, 378, 454, 524, 543, 594, 626, 698, 707, 729, 744, 780, 795, 816, 848, 860, 866, 898, 948
460: 541, 774
461: 664, 864
462: 294, 325, 373
463: 191, 538
464: 15, 100, 105, 138, 363, 424, 509, 615, 645, 808, 834, 945, 964, 994, 998
465: 2, 87, 166, 180, 237, 241, 251, 381, 401, 449, 531, 608, 627, 663, 700, 727, 766, 840, 851, 881
466: 3, 105, 137, 219, 221, 318, 341, 394, 581, 719, 749, 815, 918, 945
467: 227, 230, 278, 286, 289, 385, 399, 471, 475, 477, 633, 638, 646, 756, 787, 802, 851, 871, 895, 949
468: 392, 808, 810
470: 69, 210, 350, 763, 777, 819, 913, 933, 942
471: 385, 399, 458, 467, 477, 585, 638, 756, 846, 868, 949, 985
472: 96, 147, 393, 413, 454, 602, 619, 990
474: 181, 198, 254, 349, 358, 631, 781
475: 278, 467, 949
476: 150, 814
477: 64, 142, 201, 254, 271, 399, 467, 471, 616, 630, 633, 638, 756, 781, 798, 835, 846, 871, 906, 916, 949, 985
478: 123, 172, 216, 280, 334, 412, 440, 948
479: 617, 695
480: 60
482: 12, 234, 392, 615, 650
483: 303, 345, 429, 779
484: 355
485: 83, 136, 171, 238, 239, 416, 446, 505, 642, 741, 803, 819
486: 231, 402, 458, 572, 585, 596, 800, 806, 914, 991
487: 156, 265, 302, 309, 406, 525, 600, 644, 761, 797, 801, 934, 971
488: 9, 423, 611, 637, 640, 684, 823, 996
489: 21, 38, 63, 106, 108, 168, 182, 193, 207, 232, 275, 322, 326, 344, 388, 417, 447, 491, 507, 526, 532, 600, 656, 722, 728, 804, 930, 938, 943, 947, 952, 955, 999
490: 28, 34, 68, 73, 134, 736, 770, 791, 795, 825, 976
491: 108, 344, 388, 489, 507, 720, 722, 804, 930, 938, 943, 955
492: 39, 48, 115, 304, 365, 410, 445, 508, 575, 670, 824, 854, 890
493: 56, 61, 133, 141, 162, 225, 284, 408, 599, 957
494: 29, 453, 592, 598, 625, 636, 671, 687, 827, 856, 876, 950
495: 4, 84, 98, 119, 264, 324, 403, 556, 578, 593, 688, 939
496: 2, 14, 52, 87, 166, 174, 189, 259, 335, 362, 401, 449, 497, 545, 580, 607, 618, 673, 677, 685, 700, 710, 766, 830, 840, 849, 881, 919, 927, 953, 954, 960
497: 49, 52, 174, 259, 496, 500, 545, 569, 685, 786
498: 59, 96, 145, 149, 179, 194, 208, 331, 340, 414, 689, 755, 759, 768, 861, 874, 900, 922, 961, 974, 977
499: 92, 548, 884
500: 49, 52, 251, 339, 387, 390, 497, 509, 771, 778, 786, 840, 867
501: 12, 15, 25, 49, 64, 94, 166, 368, 397, 516, 535, 547, 608, 642, 645, 649, 683, 778, 787, 851, 857, 935, 998
502: 71, 78, 115, 121, 125, 132, 134, 175, 274, 327, 332, 372, 527, 529, 606, 711, 731, 739, 762, 779, 795, 825, 850, 898, 926, 968, 976
503: 139, 215, 518
504: 27, 49, 64, 69, 90, 186, 210, 703, 786, 831, 951
505: 239, 416, 485, 571, 741, 819, 951
506: 657
507: 63, 108, 128, 275, 312, 333, 344, 447, 489, 491, 722, 769, 930, 943
508: 233, 235, 304, 307, 492, 575, 843, 854
509: 2, 15, 80, 100, 105, 174, 251, 294, 363, 369, 390, 464, 500, 514, 591, 627, 766, 778, 834, 840, 881, 958, 964, 994
510: 4, 51, 268, 532, 682
511: 54, 68, 209, 284, 306, 405, 432, 443, 527, 594, 604, 699, 729, 736, 764, 791, 825, 872, 968, 976
512: 9, 359, 423, 425, 549, 611, 635, 823, 839, 941
513: 660
514: 2, 100, 110, 138, 251, 369, 435, 509, 627, 834, 863, 931, 964
516: 160, 501, 608, 615, 645, 650, 786, 851, 867
517: 24, 48, 304, 365, 410, 445, 458, 716, 826, 845, 854, 890
518: 72, 101, 139, 211, 215, 351, 456, 503, 570, 587, 598, 625, 713, 773
519: 3, 19, 62, 82, 105, 147, 152, 225, 263, 288, 299, 355, 369, 413, 602, 619, 655, 699, 709, 844, 907, 945, 958, 968, 970, 990, 994
520: 609
522: 47, 149, 562, 748, 974
523: 60, 124, 301, 354, 386, 402, 410, 433, 458, 551, 567, 572, 585, 712, 806, 892, 920, 979, 984
524: 18, 28, 54, 68, 133, 378, 459, 527, 698, 715, 753, 762, 795, 825, 848, 860, 865, 926, 937, 968
525: 342, 487, 761, 801, 875, 988
526: 26, 63, 71, 108, 121, 125, 129, 168, 182, 192, 232, 309, 322, 327, 388, 417, 489, 532, 544, 595, 600, 653, 656, 737, 772, 793, 804, 838, 862, 938, 952
527: 54, 68, 82, 133, 158, 172, 209, 225, 284, 299, 306, 405, 412, 432, 443, 502, 511, 524, 594, 604, 626, 661, 674, 698, 699, 736, 764, 791, 825, 848, 872, 968, 976, 987
528: 251, 783, 931
529: 24, 73, 115, 134, 136, 175, 428, 445, 502, 576, 606, 623, 702, 714, 716, 730, 731, 736, 762, 791, 854, 912, 976
530: 4, 43, 51, 61, 121, 192, 268, 293, 327, 576, 600, 639, 656, 730, 747, 873, 947
531: 2, 12, 64, 83, 87, 94, 166, 180, 189, 234, 241, 335, 363, 381, 397, 401, 465, 540, 608, 642, 663, 677, 706, 787, 830, 851, 857, 881, 919, 921, 927, 997, 998
532: 4, 63, 71, 129, 168, 327, 388, 417, 489, 510, 526, 544, 600, 737, 938
533: 61, 119, 121, 293, 714, 730, 747, 966
535: 358, 368, 501, 569, 580, 659, 710, 849, 935
536: 227, 231, 289, 307, 435, 458, 572, 585, 627, 646, 658, 784, 800, 821, 892, 914, 991
537: 243, 843
538: 463
539: 78, 132, 167, 205, 266, 270, 290, 332, 403, 428, 434, 556, 593, 665, 702, 711, 714, 731, 762, 850, 866, 898, 899, 926, 946, 976, 978
540: 2, 12, 25, 64, 87, 111, 166, 189, 251, 259, 294, 363, 390, 531, 547, 650, 663, 673, 677, 706, 766, 840, 881, 921, 927, 954
541: 460
543: 18, 68, 114, 184, 205, 209, 216, 313, 378, 405, 432, 440, 457, 459, 609, 661, 674, 680, 707, 729, 744, 878
544: 20, 63, 71, 125, 161, 274, 309, 398, 526, 532, 595, 602, 767, 793, 910
545: 52, 155, 174, 186, 241, 259, 335, 362, 368, 401, 449, 496, 497, 569, 580, 608, 673, 685, 700, 710, 830, 840, 849, 851, 881, 919, 954, 960
546: 56, 595, 770, 957
547: 12, 15, 25, 49, 64, 111, 368, 501, 540, 569, 645, 706, 778, 786, 840, 857, 881, 921, 927, 935, 998
548: 9, 153, 359, 423, 425, 499, 611, 640, 657, 822, 823, 884, 941
549: 9, 122, 256, 359, 423, 425, 512, 611, 823, 839, 941
550: 31, 47, 326, 690, 748, 760
551: 60, 124, 402, 523, 567, 572, 588, 712, 806, 892, 920, 979, 984
552: 279, 281, 308, 603, 792
553: 33, 721, 805, 928
554: 268
555: 5, 804
556: 98, 167, 205, 290, 403, 434, 495, 539, 593, 688, 711, 720, 729, 754, 762, 809, 898, 926, 978, 993
558: 45, 83, 332, 372, 428, 736, 741, 790, 795, 811, 819, 825, 865
559: 17, 113, 262, 605, 665, 888
560: 837
561: 864
562: 47, 331, 522, 629, 689, 748, 961, 974
563: 7, 202, 342, 799
566: 150, 206, 265, 644, 653, 721, 801
567: 124, 523, 551, 572, 892, 920, 984
568: 882, 973
569: 49, 52, 64, 229, 368, 497, 535, 545, 547, 580, 786, 935, 954
570: 101, 298, 377, 426, 518, 587, 598, 625, 637, 713, 870, 885
571: 83, 135, 239, 416, 505, 642, 741, 942, 951
572: 124, 402, 486, 523, 536, 551, 567, 646, 838, 892, 979, 984
573: 147, 158, 267, 297, 708, 724, 745, 822, 852, 987
574: 126, 197, 279, 287, 367, 577, 603, 859, 897, 980
575: 39, 48, 304, 365, 445, 492, 508, 824, 854, 890
576: 4, 43, 115, 129, 134, 143, 265, 303, 327, 345, 357, 370, 375, 529, 530, 606, 623, 731, 754, 762, 801, 833, 976
577: 200, 253, 574, 859, 897, 971
578: 324, 375, 495, 688, 833
579: 3, 103, 330, 376, 733, 877, 903
580: 52, 174, 237, 259, 368, 496, 535, 545, 569, 608, 618, 685, 700, 710, 778, 830, 840, 919, 953
581: 3, 105, 137, 219, 221, 341, 394, 466, 719, 749, 918, 945, 994
583: 30, 68, 158, 336, 584
584: 92, 336, 583, 775
585: 231, 289, 301, 354, 402, 458, 471, 486, 523, 536, 596, 646, 712, 784, 800, 806, 914, 949, 985
586: 812
587: 72, 101, 291, 518, 570, 598, 625, 668, 687, 713, 725, 773, 856
588: 60, 386, 433, 551, 892, 920
589: 6, 42
590: 147, 378, 384, 413, 454, 796, 880
591: 2, 41, 80, 251, 294, 363, 369, 390, 509, 627, 766, 834, 958, 970
592: 183, 494, 598, 625, 636, 687, 773, 827, 856, 885
593: 55, 84, 114, 167, 205, 403, 495, 539, 556, 688, 711, 754, 898, 946, 978
594: 133, 209, 306, 432, 443, 459, 511, 527, 604, 661, 674, 699, 791, 848, 872, 968
595: 56, 125, 236, 272, 393, 454, 526, 544, 546, 602, 681, 862, 873
596: 231, 271, 289, 402, 458, 486, 585, 712, 716, 784, 800, 914, 991
597: 63, 161, 398, 767
598: 11, 72, 183, 215, 291, 298, 494, 518, 570, 587, 592, 625, 636, 687, 773, 827, 856
599: 56, 82, 141, 209, 242, 272, 284, 299, 493, 604, 730, 836, 957
600: 26, 63, 71, 106, 108, 125, 129, 134, 168, 182, 232, 272, 309, 322, 327, 329, 388, 447, 450, 487, 489, 526, 530, 532, 656, 737, 772, 793, 801, 804, 814, 838, 938, 952, 955
601: 637, 891
602: 81, 225, 272, 393, 454, 472, 519, 544, 595, 619, 681, 911, 990
603: 126, 148, 277, 279, 287, 338, 367, 426, 552, 574, 732, 969
604: 54, 133, 141, 209, 284, 306, 432, 443, 511, 527, 594, 599, 661, 674, 699, 764, 791, 836, 872, 968
605: 17, 113, 130, 198, 201, 227, 230, 262, 286, 323, 559, 631, 811, 888, 895, 906
606: 73, 115, 121, 129, 132, 134, 175, 274, 303, 327, 357, 502, 529, 576, 714, 731, 762, 912, 926, 976
607: 41, 259, 496, 673, 685
608: 11, 166, 241, 397, 465, 501, 516, 531, 545, 580, 649, 663, 683, 727, 778, 840, 851, 857, 998
609: 334, 520, 543, 626
610: 74, 103, 330, 376, 456, 625, 734, 773, 903
611: 9, 153, 226, 249, 256, 292, 310, 359, 423, 425, 437, 488, 512, 548, 549, 624, 637, 640, 657, 684, 822, 823, 839, 891, 941, 996
612: 13, 818
614: 33, 669, 932
615: 12, 15, 50, 160, 392, 464, 482, 516, 645, 808, 960, 998
616: 142, 201, 230, 271, 358, 399, 477, 630, 633, 717, 756, 798, 835, 846, 871, 895, 906, 965
617: 32, 479, 634, 695
618: 87, 237, 259, 335, 381, 401, 449, 496, 580, 631, 659, 663, 685, 700, 830, 919, 953, 997
619: 96, 97, 147, 149, 152, 195, 208, 236, 337, 348, 356, 379, 383, 393, 413, 472, 519, 602, 689, 829, 880, 911, 936, 961, 990
620: 218
621: 382, 732, 792
622: 679
623: 43, 61, 115, 134, 143, 370, 529, 576, 714, 730, 747, 833, 915
624: 131, 310, 423, 611, 640, 684, 822, 852, 987
625: 101, 178, 183, 258, 291, 330, 377, 456, 494, 518, 570, 587, 592, 598, 610, 687, 713, 773, 827, 856, 885, 893
626: 18, 184, 263, 306, 334, 432, 459, 527, 609, 661, 674, 698, 848, 968
627: 2, 87, 100, 138, 241, 251, 294, 360, 363, 369, 390, 435, 465, 509, 514, 536, 591, 766, 834, 840, 863, 881, 964, 994
628: 799, 875, 879, 894
629: 562, 911
630: 142, 201, 230, 271, 399, 477, 616, 633, 798, 835, 846, 871, 895, 906
631: 79, 142, 198, 227, 254, 349, 358, 474, 605, 618, 692, 781, 906, 916, 953
632: 870, 885
633: 201, 230, 286, 358, 399, 467, 477, 616, 630, 756, 798, 846, 895, 906
634: 7, 32, 617, 799, 923
635: 512
636: 183, 494, 592, 598, 687, 827
637: 292, 437, 488, 570, 601, 611, 684, 823, 891
638: 213, 227, 254, 399, 467, 471, 477, 756, 798, 821, 846, 871, 949, 985
639: 4, 26, 51, 61, 115, 168, 192, 235, 293, 327, 352, 452, 530, 652, 747, 833, 838, 939, 947, 966
640: 9, 153, 423, 488, 548, 611, 624, 684, 822, 941
641: 54, 82, 141, 172, 225, 284, 299, 412, 655, 661, 674, 699
642: 83, 94, 135, 171, 239, 416, 446, 485, 501, 531, 571, 649, 741, 819, 888, 942, 951, 998
643: 56, 236, 272, 348, 379, 454, 862, 880
644: 150, 163, 206, 265, 309, 336, 400, 487, 566, 653, 721, 793, 801, 934, 952
645: 15, 50, 152, 160, 464, 501, 516, 547, 615, 683, 857, 960, 998
646: 227, 286, 289, 385, 467, 536, 572, 585, 691, 984, 991
647: 101, 178, 827, 885
648: 54, 82, 141, 172, 225, 284, 836
649: 186, 501, 608, 642, 683, 783, 951
650: 2, 12, 482, 516, 540, 863, 867
651: 319, 367, 735, 859, 971
652: 4, 51, 168, 268, 293, 303, 429, 639, 720, 730, 747, 809, 915
653: 150, 192, 206, 285, 309, 314, 400, 526, 566, 644, 676, 721, 774, 801
654: 33, 53, 158, 165, 222, 669, 721, 932
655: 19, 56, 82, 225, 272, 288, 519, 641, 699, 709, 989, 990
656: 106, 129, 182, 206, 232, 327, 388, 489, 526, 530, 600, 772, 793, 804, 938, 952
657: 9, 92, 153, 156, 320, 423, 506, 548, 611, 736, 791, 822, 884, 941
658: 227, 289, 536, 798, 800, 821, 871
659: 17, 155, 237, 335, 381, 397, 401, 449, 535, 618, 663, 685, 700, 710, 830, 849, 889, 919, 953, 997
660: 513
661: 133, 172, 209, 405, 527, 543, 594, 604, 626, 641, 674, 698, 699, 707, 848, 872, 968
662: 19, 56, 133, 260, 355, 408, 413, 454, 709, 858
663: 87, 94, 111, 166, 180, 189, 241, 251, 335, 363, 381, 397, 401, 449, 465, 531, 540, 608, 618, 659, 700, 706, 766, 787, 830, 840, 851, 857, 881, 921, 927, 997, 998
664: 461
665: 78, 113, 132, 262, 270, 332, 539, 559, 711, 811, 888
666: 958, 995
667: 240, 351, 380
668: 258, 587, 758, 950
669: 33, 53, 158, 165, 267, 336, 614, 654, 932
670: 8, 39, 48, 130, 170, 305, 365, 410, 445, 492, 824
671: 494, 932
672: 168, 452, 728, 947
673: 12, 14, 259, 335, 362, 401, 496, 540, 545, 607, 685, 700, 830, 849, 881, 919, 954, 960
674: 18, 54, 68, 82, 133, 172, 209, 225, 306, 405, 412, 432, 440, 527, 543, 594, 604, 626, 641, 661, 698, 699, 707, 709, 729, 791, 848, 872, 883, 968
675: 384, 963
676: 653, 721
677: 2, 12, 14, 25, 90, 111, 166, 189, 496, 531, 540, 706, 840, 867, 881, 921, 927, 954
678: 76, 136, 300, 360, 699, 705
679: 10, 246, 247, 622
680: 114, 187, 216, 378, 543, 776, 878, 963
681: 272, 454, 595, 602
682: 37, 450, 510, 728
683: 240, 368, 381, 387, 397, 501, 608, 645, 649, 857, 998
684: 153, 423, 488, 611, 624, 637, 640
685: 87, 174, 237, 241, 259, 335, 401, 449, 496, 497, 545, 580, 607, 618, 659, 673, 700, 830, 849, 919, 953, 954
686: 148, 277, 316, 426
687: 183, 291, 494, 587, 592, 598, 625, 636, 773, 827, 856
688: 98, 167, 317, 403, 495, 556, 578, 593, 754, 824, 978
689: 47, 59, 96, 145, 149, 179, 195, 208, 356, 379, 383, 498, 562, 619, 748, 807, 874, 880, 922, 929, 961, 974, 977
690: 31, 63, 108, 125, 149, 161, 193, 213, 322, 326, 340, 346, 366, 450, 550, 739, 900
691: 646
692: 79, 142, 198, 254, 631, 696, 717, 781, 798, 871, 916, 965
695: 265, 479, 617
696: 79, 198, 692
697: 218
698: 18, 19, 68, 81, 133, 225, 306, 334, 432, 454, 459, 524, 527, 626, 661, 674, 699, 744, 844, 848, 872, 924, 948, 968, 987, 989
699: 19, 54, 76, 82, 209, 225, 306, 412, 432, 511, 519, 527, 594, 604, 641, 655, 661, 674, 678, 698, 848, 872, 968
700: 87, 166, 237, 241, 259, 335, 362, 401, 449, 465, 496, 545, 580, 618, 659, 663, 673, 685, 710, 766, 830, 849, 881, 919, 927, 953, 954
701: 22, 23, 366
702: 78, 132, 144, 332, 428, 529, 539, 711, 714, 731, 736, 762, 790, 811, 850, 926, 946, 976
703: 27, 451, 504, 794, 831
704: 137, 196, 221, 350
705: 300, 678, 718
706: 2, 12, 25, 64, 87, 94, 111, 166, 189, 531, 540, 547, 663, 677, 840, 881, 921, 927, 954
707: 18, 68, 114, 209, 313, 432, 436, 457, 459, 543, 661, 674, 729, 744, 816
708: 67, 321, 573, 724, 745, 780, 822, 987
709: 19, 133, 225, 288, 355, 454, 519, 655, 662, 674, 848, 989, 990
710: 94, 155, 199, 362, 397, 419, 496, 535, 545, 580, 659, 700, 830, 849, 857, 889, 919, 998
711: 78, 132, 270, 332, 403, 428, 502, 539, 556, 593, 665, 702, 762, 850, 866, 898, 899, 926, 946
712: 231, 402, 458, 523, 551, 585, 596, 716, 800, 806, 914
713: 101, 298, 377, 518, 570, 587, 625, 773, 893
714: 167, 370, 375, 428, 445, 529, 533, 539, 606, 623, 702, 731, 747, 762, 912, 976
715: 54, 152, 405, 443, 524, 753, 937
716: 24, 130, 136, 323, 445, 517, 529, 596, 712, 784, 800, 826, 842, 854, 914
717: 79, 142, 198, 201, 230, 358, 616, 692, 781, 895, 916, 965
718: 36, 415, 705, 944
719: 3, 105, 369, 394, 466, 581, 815, 918, 945, 958, 970, 994
720: 84, 235, 293, 303, 403, 491, 556, 652, 754, 939, 975
721: 150, 163, 206, 285, 400, 404, 553, 566, 644, 653, 654, 676, 757
722: 21, 63, 108, 128, 312, 333, 344, 347, 417, 489, 491, 507, 769, 799, 923, 930, 939
723: 198, 282, 349, 358
724: 158, 267, 297, 573, 708, 745, 852, 884, 968, 987
725: 248, 431, 587, 740, 870, 882, 973
727: 100, 241, 465, 608, 851
728: 21, 312, 489, 672, 682, 930, 947
729: 18, 68, 114, 184, 205, 209, 216, 313, 405, 432, 436, 457, 459, 511, 543, 556, 674, 707, 744, 754, 978
730: 51, 61, 121, 192, 268, 293, 529, 530, 533, 599, 623, 652, 747, 809, 873, 915, 957
731: 73, 134, 167, 303, 345, 357, 375, 428, 502, 529, 539, 576, 606, 702, 714, 762, 791, 850, 898, 912, 926, 946, 976, 978
732: 382, 603, 621, 792
733: 103, 330, 579, 734, 876, 903
734: 74, 103, 217, 330, 610, 733, 856
735: 651, 887
736: 28, 34, 54, 68, 209, 372, 405, 428, 443, 490, 511, 527, 529, 558, 657, 702, 753, 764, 790, 791, 795, 825, 976
737: 63, 71, 106, 108, 168, 182, 232, 322, 327, 345, 347, 388, 417, 526, 532, 600, 938
739: 71, 117, 125, 193, 340, 450, 502, 690, 768, 900
740: 248, 255, 431, 725, 750, 882, 973
741: 83, 135, 238, 239, 262, 416, 485, 505, 558, 571, 642, 743, 803, 819, 951
742: 226
743: 17, 83, 135, 210, 239, 262, 296, 416, 442, 741, 763, 803, 913, 933, 942
744: 18, 68, 114, 205, 432, 436, 459, 543, 698, 707, 729, 795, 816, 848, 948
745: 321, 573, 708, 724, 822, 852, 987
746: 214, 451, 828
747: 61, 84, 121, 235, 293, 370, 530, 533, 623, 639, 652, 714, 730, 809, 828, 915, 966
748: 47, 59, 96, 145, 149, 331, 421, 522, 550, 562, 689, 922, 961, 974
749: 105, 221, 394, 466, 581, 918, 945, 994
750: 740
752: 917
753: 28, 54, 187, 203, 405, 524, 715, 736, 790, 825, 860, 865, 937
754: 55, 167, 303, 345, 370, 403, 434, 556, 576, 593, 688, 720, 729, 762, 898, 912, 975, 978
755: 117, 179, 498, 759, 770, 977
756: 64, 254, 399, 467, 471, 477, 616, 633, 638, 781, 798, 835, 846, 871, 916, 949, 985
757: 150, 163, 265, 285, 721
758: 668, 950
759: 59, 107, 498, 755, 768, 961
760: 31, 161, 326, 550, 999
761: 43, 65, 406, 487, 525, 797, 801, 988
762: 68, 73, 78, 98, 132, 134, 167, 270, 274, 303, 345, 357, 375, 403, 428, 502, 524, 529, 539, 556, 576, 606, 702, 711, 714, 731, 754, 850, 898, 912, 926, 946, 976, 978
763: 17, 83, 135, 470, 743, 913, 933, 942
764: 34, 54, 175, 203, 209, 405, 511, 527, 604, 736, 791, 825
766: 2, 80, 87, 111, 166, 174, 180, 189, 241, 251, 259, 363, 390, 465, 496, 509, 540, 591, 627, 663, 700, 834, 840, 857, 881, 882, 927, 953, 964
767: 63, 108, 161, 274, 340, 398, 417, 544, 597, 930, 999
768: 59, 117, 340, 498, 739, 759, 900, 922
769: 31, 63, 108, 128, 275, 344, 507, 722, 930, 943
770: 179, 490, 546, 755, 796
771: 87, 189, 339, 500, 840, 908, 983
772: 71, 106, 182, 206, 232, 322, 447, 526, 600, 656, 952, 955
773: 101, 103, 183, 258, 291, 330, 377, 396, 456, 518, 587, 592, 598, 610, 625, 687, 713, 827, 856, 885, 893, 903
774: 38, 168, 460, 653, 801, 938, 947, 981, 988
775: 584
776: 187, 383, 680
777: 204, 470
778: 11, 49, 87, 251, 339, 368, 387, 500, 501, 509, 547, 580, 608, 786, 840, 851, 867
779: 483, 502, 817
780: 127, 321, 459, 708, 822, 941
781: 79, 142, 254, 349, 358, 399, 474, 477, 631, 692, 717, 756, 835, 871, 916
782: 129, 176, 207
783: 86, 424, 528, 649, 931
784: 402, 458, 536, 585, 596, 716, 800, 914
786: 12, 15, 49, 52, 64, 497, 500, 504, 516, 547, 569, 778, 840, 867
787: 64, 94, 166, 234, 381, 397, 467, 501, 531, 663, 857, 921
788: 14, 155, 401, 419, 849
790: 45, 203, 332, 558, 702, 736, 753, 860, 865
791: 28, 34, 54, 68, 205, 209, 405, 432, 443, 490, 511, 527, 529, 594, 604, 657, 674, 731, 736, 764, 795, 825, 850, 872, 968, 976
792: 148, 281, 338, 382, 552, 621, 732, 969
793: 20, 26, 71, 125, 192, 309, 327, 347, 526, 544, 600, 644, 656, 838, 952
794: 27, 90, 111, 214, 296, 703, 831
795: 28, 34, 68, 78, 114, 132, 372, 459, 490, 502, 524, 558, 736, 744, 791, 825, 860, 865, 866, 898, 899
796: 97, 116, 149, 179, 193, 226, 356, 379, 383, 384, 413, 420, 454, 590, 770, 807, 874, 880, 929, 977
797: 129, 265, 309, 336, 487, 761, 801, 814, 910
798: 79, 142, 201, 227, 271, 399, 477, 616, 630, 633, 638, 658, 692, 756, 821, 835, 846, 871, 906, 965
799: 7, 32, 344, 563, 628, 634, 722, 894, 923, 930
800: 231, 289, 325, 402, 458, 486, 536, 585, 596, 658, 712, 716, 784, 806, 914, 991
801: 38, 206, 261, 265, 285, 309, 487, 525, 566, 576, 600, 644, 653, 761, 774, 797, 814, 988
802: 230, 289, 467, 888
803: 17, 210, 238, 239, 350, 416, 485, 741, 743, 913, 933, 942
804: 26, 108, 129, 168, 182, 207, 303, 327, 345, 388, 489, 491, 526, 555, 600, 656, 938, 947, 952
805: 33, 236, 348, 553, 928
806: 124, 301, 402, 486, 523, 551, 585, 712, 800
807: 116, 149, 179, 193, 195, 356, 379, 383, 420, 689, 796, 874, 880, 922, 929, 961, 977
808: 100, 464, 468, 615
809: 264, 293, 556, 652, 730, 747, 873, 915, 926
810: 40, 468
811: 78, 132, 214, 262, 332, 428, 558, 605, 665, 702, 888, 926
812: 297, 318, 586
813: 39, 317, 824
814: 150, 265, 450, 476, 600, 797, 801, 910, 938
815: 3, 103, 105, 137, 221, 394, 466, 719, 907, 918, 945
816: 18, 68, 209, 432, 436, 459, 707, 744, 841, 883
817: 779
818: 13, 612
819: 69, 83, 135, 136, 171, 416, 446, 470, 485, 505, 558, 642, 741, 913, 933
821: 227, 536, 638, 658, 798, 871
822: 9, 153, 423, 548, 573, 611, 624, 640, 657, 708, 745, 780, 884, 941
823: 9, 120, 153, 249, 359, 423, 437, 439, 488, 512, 548, 549, 611, 637, 839, 874, 941, 956, 977, 996
824: 8, 39, 48, 317, 445, 492, 575, 670, 688, 813
825: 28, 34, 54, 68, 132, 274, 284, 372, 432, 443, 490, 502, 511, 524, 527, 558, 736, 753, 764, 791, 795, 865, 926, 968, 976
826: 24, 48, 130, 410, 445, 517, 716, 845, 854, 890
827: 11, 178, 183, 291, 494, 592, 598, 625, 636, 647, 687, 773, 856, 876, 885
828: 214, 233, 307, 746, 747, 831, 832, 843, 962
829: 97, 147, 152, 195, 208, 295, 413, 619, 880, 907, 936, 961
830: 14, 155, 166, 259, 335, 362, 363, 397, 401, 449, 496, 531, 545, 580, 618, 659, 663, 673, 685, 700, 710, 849, 857, 881, 919, 953, 954
831: 27, 90, 196, 214, 238, 239, 296, 416, 451, 504, 703, 794, 828, 972
832: 16, 233, 243, 307, 409, 828, 843
833: 4, 21, 26, 43, 51, 115, 232, 327, 329, 375, 406, 452, 576, 578, 623, 639, 838
834: 2, 40, 100, 105, 138, 197, 251, 294, 325, 360, 363, 369, 390, 435, 464, 509, 514, 591, 627, 766, 863, 881, 945, 958, 964, 970, 994
835: 142, 201, 271, 477, 616, 630, 756, 781, 798, 871, 916
836: 54, 82, 121, 141, 225, 236, 272, 284, 337, 348, 599, 604, 648, 957
837: 560
838: 20, 26, 71, 115, 125, 168, 192, 232, 309, 327, 329, 347, 417, 452, 526, 572, 600, 639, 793, 833, 984
839: 9, 122, 249, 256, 359, 423, 425, 512, 549, 611, 823, 941
840: 2, 12, 49, 52, 87, 111, 166, 174, 180, 189, 241, 251, 259, 363, 390, 465, 496, 500, 509, 540, 545, 547, 580, 608, 627, 663, 677, 706, 766, 771, 778, 786, 851, 867, 881, 927
841: 36, 415, 816
842: 716
843: 16, 61, 233, 243, 304, 307, 508, 537, 828, 832, 854, 962
844: 147, 152, 208, 225, 263, 413, 519, 698, 852, 907, 924, 987, 990
845: 24, 48, 305, 365, 410, 445, 517, 826, 890
846: 70, 201, 385, 399, 471, 477, 616, 630, 633, 638, 756, 798, 949
847: 180
848: 18, 68, 133, 225, 263, 306, 328, 432, 459, 524, 527, 594, 626, 661, 674, 698, 699, 709, 744, 872, 948, 968, 987, 989
849: 14, 94, 166, 335, 362, 401, 419, 496, 535, 545, 659, 673, 685, 700, 710, 788, 830, 857, 919, 921, 954
850: 73, 78, 144, 303, 428, 502, 539, 702, 711, 731, 762, 791, 898, 912, 926, 976
851: 2, 83, 87, 155, 166, 180, 234, 241, 251, 381, 397, 465, 467, 501, 516, 531, 545, 608, 663, 727, 778, 840, 867, 881, 998
852: 62, 147, 267, 297, 573, 624, 724, 745, 844, 907, 987
853: 122, 437, 967
854: 43, 48, 115, 130, 233, 304, 307, 365, 410, 445, 492, 508, 517, 529, 575, 716, 826, 843, 890
856: 183, 197, 258, 291, 330, 396, 494, 587, 592, 598, 625, 687, 734, 773, 827, 876
857: 25, 94, 166, 363, 368, 381, 397, 501, 531, 547, 608, 645, 663, 683, 710, 766, 787, 830, 849, 881, 921, 997, 998
858: 260, 454, 662, 989
859: 287, 319, 367, 574, 577, 651, 897, 971, 980
860: 28, 45, 114, 205, 459, 524, 753, 790, 795, 866
861: 498, 922
862: 56, 188, 272, 327, 526, 595, 643, 873
863: 2, 100, 138, 294, 360, 363, 369, 392, 435, 514, 627, 650, 834, 964
864: 212, 461, 561
865: 28, 78, 132, 274, 524, 558, 753, 790, 795, 825, 899, 926
866: 34, 45, 205, 459, 539, 711, 795, 860, 898, 946
867: 2, 12, 49, 64, 500, 516, 650, 677, 778, 786, 840, 851, 881
868: 70, 385, 471, 949
869: 263, 989
870: 570, 632, 725
871: 79, 142, 189, 201, 227, 271, 399, 467, 477, 616, 630, 638, 658, 692, 756, 781, 798, 821, 835, 906, 916, 927, 949, 985
872: 19, 68, 76, 133, 136, 154, 209, 306, 432, 511, 527, 594, 604, 661, 674, 698, 699, 791, 848, 968
873: 121, 192, 242, 530, 595, 730, 809, 862, 915, 957
874: 59, 145, 149, 179, 194, 195, 208, 252, 331, 340, 356, 379, 383, 414, 420, 421, 498, 689, 796, 807, 823, 880, 900, 922, 929, 936, 961, 974, 977
875: 32, 525, 628
876: 29, 183, 197, 494, 733, 827, 856
877: 217, 330, 376, 579
878: 543, 680
879: 628, 894, 923, 981, 992
880: 97, 116, 149, 179, 193, 195, 208, 356, 379, 383, 413, 420, 454, 590, 619, 643, 689, 796, 807, 829, 874, 929, 936, 961, 977
881: 2, 12, 25, 83, 87, 94, 100, 111, 166, 180, 189, 241, 251, 259, 363, 390, 397, 401, 465, 496, 509, 531, 540, 545, 547, 627, 663, 673, 677, 700, 706, 766, 830, 834, 840, 851, 857, 867, 919, 921, 927, 954, 964, 998
882: 87, 248, 568, 725, 740, 766, 973
883: 334, 674, 816, 948
884: 53, 92, 97, 156, 158, 236, 267, 272, 295, 320, 336, 423, 454, 499, 548, 657, 724, 822
885: 101, 178, 183, 377, 570, 592, 625, 632, 647, 773, 827, 893
887: 735
888: 83, 201, 230, 262, 323, 559, 605, 642, 665, 802, 811, 895, 906
889: 155, 397, 659, 710, 997
890: 39, 48, 304, 305, 365, 410, 445, 492, 517, 575, 826, 845, 854
891: 226, 292, 601, 611, 637
892: 124, 433, 523, 536, 551, 567, 572, 588, 920, 984
893: 101, 183, 298, 377, 396, 456, 625, 713, 773, 885
894: 77, 628, 799, 879, 923
895: 201, 230, 271, 278, 286, 358, 467, 605, 616, 630, 633, 717, 888, 906
897: 44, 93, 191, 245, 287, 319, 367, 574, 577, 859, 971
898: 68, 132, 167, 270, 290, 342, 352, 403, 428, 434, 459, 502, 539, 556, 593, 711, 731, 754, 762, 795, 850, 866, 912, 926, 946, 978
899: 269, 270, 403, 539, 711, 795, 865
900: 22, 31, 109, 117, 120, 161, 193, 208, 252, 326, 332, 340, 366, 498, 690, 739, 768, 874, 922, 936, 956, 961, 977
903: 103, 258, 300, 330, 376, 456, 579, 610, 733, 773
905: 177
906: 198, 201, 227, 230, 286, 477, 605, 616, 630, 631, 633, 798, 871, 888, 895
907: 3, 137, 147, 152, 221, 263, 299, 318, 519, 815, 829, 844, 852, 945, 968, 990
908: 189, 771
910: 150, 265, 309, 544, 797, 814
911: 59, 602, 619, 629, 961
912: 167, 303, 370, 529, 606, 714, 731, 754, 762, 850, 898, 976, 978
913: 17, 135, 239, 416, 442, 470, 743, 763, 803, 819, 933, 942
914: 231, 402, 458, 486, 536, 585, 596, 712, 716, 784, 800, 991
915: 51, 61, 268, 293, 623, 652, 730, 747, 809, 873
916: 79, 142, 254, 335, 358, 477, 631, 692, 717, 756, 781, 835, 871, 965
917: 752
918: 3, 105, 137, 221, 394, 466, 581, 719, 749, 815, 945, 994
919: 14, 94, 155, 166, 259, 335, 362, 401, 449, 496, 531, 545, 580, 618, 659, 673, 685, 700, 710, 830, 849, 881, 953, 954
920: 124, 433, 523, 551, 567, 588, 892
921: 12, 14, 25, 57, 94, 164, 166, 189, 234, 363, 397, 531, 540, 547, 663, 677, 706, 787, 849, 857, 881, 927, 954, 998
922: 59, 96, 145, 149, 179, 194, 195, 208, 331, 340, 356, 383, 414, 498, 689, 748, 768, 807, 861, 874, 900, 961, 977
923: 285, 374, 634, 722, 799, 879, 894, 992
924: 698, 844, 987
926: 28, 78, 132, 134, 167, 274, 332, 403, 428, 502, 524, 539, 556, 606, 702, 711, 731, 762, 809, 811, 825, 850, 865, 898, 976
927: 2, 12, 25, 64, 87, 111, 166, 189, 241, 251, 335, 363, 401, 496, 531, 540, 547, 663, 677, 700, 706, 766, 840, 871, 881, 921, 954, 973
928: 33, 97, 356, 553, 805
929: 97, 116, 149, 179, 193, 195, 208, 326, 356, 379, 383, 420, 421, 689, 796, 807, 874, 880, 961, 974, 977
930: 21, 128, 182, 275, 312, 333, 344, 347, 417, 489, 491, 507, 722, 728, 767, 769, 799, 939, 943, 999
931: 123, 162, 409, 424, 514, 528, 783
932: 158, 165, 222, 614, 654, 669, 671
933: 17, 83, 470, 743, 763, 803, 819, 913
934: 487, 644
935: 50, 368, 501, 535, 547, 569
936: 97, 147, 177, 195, 208, 337, 356, 379, 383, 420, 619, 829, 874, 880, 900, 961, 977, 990
937: 54, 405, 524, 715, 753
938: 106, 108, 129, 168, 182, 207, 303, 322, 327, 345, 388, 489, 491, 526, 532, 600, 656, 737, 774, 804, 814, 952
939: 264, 333, 347, 417, 495, 639, 720, 722, 930
941: 9, 122, 310, 359, 423, 425, 512, 548, 549, 611, 640, 657, 780, 822, 823, 839
942: 17, 69, 210, 239, 350, 416, 446, 470, 571, 642, 743, 763, 803, 913, 951
943: 275, 344, 489, 491, 507, 769, 930, 955, 999
944: 85, 395, 422, 718
945: 3, 103, 105, 137, 219, 221, 330, 363, 369, 394, 464, 466, 519, 581, 719, 749, 815, 834, 907, 918, 958, 970, 994
946: 78, 167, 270, 539, 593, 702, 711, 731, 762, 866, 898
947: 4, 21, 26, 168, 182, 232, 329, 452, 489, 530, 639, 672, 728, 774, 804
948: 114, 334, 440, 459, 478, 698, 744, 848, 883
949: 289, 385, 399, 458, 467, 471, 475, 477, 585, 638, 756, 846, 868, 871, 985
950: 494, 668, 758
951: 171, 210, 239, 416, 446, 504, 505, 571, 642, 649, 741, 942
952: 26, 63, 71, 106, 108, 121, 125, 129, 182, 206, 232, 236, 272, 309, 322, 326, 327, 388, 447, 489, 526, 600, 644, 656, 772, 793, 804, 938, 955
953: 237, 259, 335, 401, 449, 496, 580, 618, 631, 659, 685, 700, 766, 830, 919
954: 14, 142, 189, 229, 335, 362, 401, 496, 540, 545, 569, 673, 677, 685, 700, 706, 830, 849, 881, 919, 921, 927
955: 63, 71, 106, 108, 125, 193, 322, 326, 447, 489, 491, 600, 772, 943, 952
956: 120, 193, 252, 266, 346, 366, 423, 437, 439, 823, 900
957: 56, 88, 141, 162, 192, 242, 493, 546, 599, 730, 836, 873
958: 3, 15, 19, 105, 110, 219, 288, 294, 299, 325, 369, 373, 390, 509, 519, 591, 666, 719, 834, 945, 970, 995
959: 313, 457
960: 12, 15, 50, 363, 496, 545, 615, 645, 673
961: 47, 59, 96, 97, 149, 179, 194, 195, 208, 356, 379, 383, 420, 421, 498, 562, 619, 689, 748, 759, 807, 829, 874, 880, 900, 911, 922, 929, 936, 974, 977
962: 110, 196, 233, 284, 409, 828, 843
963: 378, 384, 675, 680
964: 94, 100, 105, 138, 197, 251, 294, 325, 360, 363, 369, 435, 464, 509, 514, 627, 766, 834, 863, 881, 994
965: 79, 142, 358, 616, 692, 717, 798, 916
966: 61, 121, 192, 533, 639, 747
967: 437, 439, 853
968: 19, 62, 68, 82, 133, 172, 209, 225, 263, 288, 299, 306, 432, 443, 502, 511, 519, 524, 527, 594, 604, 626, 661, 674, 698, 699, 724, 791, 825, 848, 872, 907, 976, 987, 990
969: 148, 277, 279, 316, 338, 377, 603, 792
970: 3, 105, 110, 123, 219, 341, 369, 390, 394, 519, 591, 719, 834, 945, 958, 994
971: 93, 191, 253, 319, 367, 487, 577, 651, 859, 897
972: 88, 238, 451, 831
973: 248, 568, 725, 740, 882, 927
974: 47, 96, 145, 149, 179, 194, 195, 208, 331, 383, 421, 498, 522, 562, 689, 748, 874, 929, 961, 977
975: 720, 754
976: 73, 78, 115, 121, 132, 134, 175, 274, 375, 428, 490, 502, 511, 527, 529, 539, 576, 606, 702, 714, 731, 736, 762, 791, 825, 850, 912, 926, 968
977: 59, 96, 116, 145, 149, 179, 193, 194, 195, 208, 331, 356, 379, 383, 414, 420, 421, 498, 689, 755, 796, 807, 823, 874, 880, 900, 922, 929, 936, 961, 974
978: 98, 167, 303, 352, 375, 403, 434, 539, 556, 593, 688, 729, 731, 754, 762, 898, 912, 993
979: 60, 301, 354, 523, 551, 572
980: 287, 367, 574, 859
981: 38, 774, 879, 992
983: 771
984: 124, 523, 551, 567, 572, 646, 838, 892
985: 213, 254, 354, 399, 471, 477, 585, 638, 756, 871, 949
986: 148, 316, 367, 426
987: 62, 66, 67, 131, 158, 263, 267, 297, 527, 573, 624, 698, 708, 724, 745, 844, 848, 852, 924, 968
988: 65, 168, 406, 525, 761, 774, 801
989: 19, 56, 260, 454, 655, 698, 709, 848, 858, 869
990: 19, 82, 97, 147, 172, 225, 272, 288, 299, 306, 355, 413, 450, 454, 472, 519, 602, 619, 655, 709, 844, 907, 936, 968
991: 16, 231, 289, 385, 458, 486, 536, 596, 646, 800, 914
992: 879, 923, 981
993: 167, 176, 235, 403, 556, 978
994: 3, 105, 363, 369, 464, 509, 519, 581, 627, 719, 749, 834, 918, 945, 964, 970
995: 666, 958
996: 9, 488, 611, 823
997: 87, 94, 166, 241, 286, 381, 397, 531, 618, 659, 663, 857, 889
998: 12, 15, 25, 94, 166, 234, 362, 397, 464, 501, 531, 547, 608, 615, 642, 645, 663, 683, 710, 851, 857, 881, 921
999: 275, 489, 760, 767, 930, 943
edgeCount: 10526
