1: 3, 7, 10, 12, 17, 21, 24, 26, 37, 40, 48, 56, 57, 67, 71, 85, 86, 87, 93, 95, 118, 122, 126, 129, 132, 134, 137, 144, 145, 148, 149, 153, 159, 160, 161, 172, 181, 190, 197, 198
2: 131, 179
3: 1, 7, 10, 12, 17, 21, 26, 37, 40, 48, 56, 57, 64, 72, 87, 93, 95, 101, 118, 123, 129, 132, 137, 144, 145, 149, 153, 159, 160, 161, 172, 181, 190, 197
4: 30, 31, 36, 103, 104, 164, 165, 182, 192
5: 24, 46, 70, 71, 91, 134, 161, 171, 174, 195, 197, 198
6: 33, 94, 184
7: 1, 3, 10, 12, 17, 21, 24, 26, 37, 40, 48, 56, 57, 62, 64, 67, 72, 85, 87, 91, 93, 95, 101, 116, 118, 123, 129, 132, 137, 144, 145, 148, 149, 153, 159, 160, 161, 172, 181, 190, 197, 198
8: 11, 28, 29, 35, 147, 157
10: 1, 3, 7, 12, 17, 21, 37, 40, 41, 48, 56, 57, 67, 87, 93, 95, 108, 118, 123, 132, 137, 144, 145, 149, 153, 159, 161, 172, 181
11: 8, 16, 29, 123, 147, 157
12: 1, 3, 7, 10, 17, 21, 24, 26, 37, 40, 48, 56, 57, 64, 67, 85, 86, 87, 91, 93, 94, 95, 116, 118, 123, 126, 129, 132, 134, 137, 144, 145, 149, 153, 159, 160, 161, 172, 181, 187, 190, 197, 198
13: 30, 36, 43, 49, 92, 104, 118, 124, 176, 178
14: 67, 68, 85, 148, 193
15: 177
16: 11, 28, 56, 90, 91, 147, 157, 171, 188, 197
17: 1, 3, 7, 10, 12, 21, 24, 26, 37, 40, 48, 56, 57, 64, 67, 85, 86, 87, 91, 93, 94, 95, 118, 123, 129, 132, 134, 137, 144, 145, 149, 153, 159, 160, 161, 172, 181, 187, 190, 197, 198
18: 24, 46, 55, 70, 71, 134, 162, 195, 198
19: 20, 72, 108, 111, 114, 153
20: 19, 72, 108, 111, 114, 153
21: 1, 3, 7, 10, 12, 17, 24, 26, 37, 40, 48, 56, 57, 67, 87, 93, 95, 118, 119, 123, 132, 137, 144, 145, 149, 153, 159, 160, 161, 171, 172, 181, 197, 198
22: 105, 107, 140, 196
23: 88
24: 1, 5, 7, 12, 17, 18, 21, 46, 48, 55, 57, 70, 71, 87, 93, 95, 118, 134, 137, 144, 149, 161, 162, 172, 181, 195, 198
25: 177
26: 1, 3, 7, 12, 17, 21, 37, 40, 48, 57, 87, 91, 93, 95, 118, 129, 132, 144, 145, 149, 153, 160, 161, 171, 172, 181, 197
28: 8, 16, 29, 90, 119, 147, 157, 171, 188
29: 8, 11, 28, 35, 167, 188
30: 4, 13, 34, 41, 92, 104, 110, 124, 176, 182
31: 4, 69, 158, 192
32: 53, 106, 117, 178
33: 6, 94, 102
34: 30, 41, 80, 182
35: 8, 29, 123, 167
36: 4, 13, 192
37: 1, 3, 7, 10, 12, 17, 21, 26, 40, 48, 56, 57, 64, 67, 72, 87, 91, 93, 95, 118, 123, 129, 132, 137, 144, 145, 149, 153, 159, 160, 161, 172, 181, 187, 190, 197, 198
39: 48, 54, 61, 62, 64, 85, 86, 87, 95, 116, 122, 126, 137, 148, 168, 190
40: 1, 3, 7, 10, 12, 17, 21, 26, 37, 48, 57, 62, 87, 93, 95, 118, 129, 132, 137, 144, 145, 149, 153, 160, 161, 172, 181, 187
41: 10, 30, 34, 80, 92, 104, 124, 176, 182
42: 63, 110, 115, 146
43: 13, 49, 92, 104, 124, 176
44: 47, 96, 98, 106, 130, 131, 178
45: 53, 178
46: 5, 18, 24, 70, 71, 134, 161, 174, 195, 198
47: 44
48: 1, 3, 7, 10, 12, 17, 21, 24, 26, 37, 39, 40, 56, 57, 62, 67, 85, 87, 93, 95, 116, 118, 123, 124, 132, 134, 137, 144, 145, 149, 153, 159, 160, 161, 172, 175, 181, 187, 190, 197, 198
49: 13, 43, 92, 104, 124, 176
50: 120, 130
51: 96, 131, 142, 143, 199
52: 82
53: 32, 45, 106, 120, 178
54: 39, 62, 73, 86, 126, 127, 168, 190
55: 18, 24, 71, 134, 162
56: 1, 3, 7, 10, 12, 16, 17, 21, 37, 48, 57, 67, 87, 91, 93, 95, 118, 132, 137, 144, 145, 149, 153, 157, 159, 160, 161, 172, 181, 187, 197
57: 1, 3, 7, 10, 12, 17, 21, 24, 26, 37, 40, 48, 56, 64, 67, 86, 87, 91, 93, 95, 118, 129, 132, 137, 144, 145, 149, 153, 159, 160, 161, 172, 181, 190, 197, 198
58: 61, 62, 116, 168, 185
60: 85, 122, 126, 197
61: 39, 58, 62, 86, 168
62: 7, 39, 40, 48, 54, 58, 61, 64, 73, 85, 86, 87, 95, 116, 126, 137, 144, 148, 149, 168, 190
63: 42, 110, 115, 133, 146
64: 3, 7, 12, 17, 37, 39, 57, 62, 86, 87, 95, 101, 116, 118, 126, 129, 145, 149, 161, 172, 181, 190
66: 77, 99
67: 1, 7, 10, 12, 14, 17, 21, 37, 48, 56, 57, 87, 93, 94, 95, 118, 119, 123, 132, 134, 137, 144, 145, 149, 157, 159, 172, 181, 184
68: 14, 85, 95, 116, 127, 129, 137, 138, 148, 193
69: 31, 154, 158, 192
70: 5, 18, 24, 46, 71, 134, 174, 195, 198
71: 1, 5, 18, 24, 46, 55, 70, 134, 162, 195, 198
72: 3, 7, 19, 20, 37, 87, 93, 108, 114, 118, 161, 172
73: 54, 62, 126, 168
76: 196
77: 66, 136
78: 155
80: 34, 41
81: 126, 138
82: 52
85: 1, 7, 12, 14, 17, 39, 48, 60, 62, 68, 93, 95, 116, 118, 126, 127, 129, 134, 137, 138, 144, 148, 149, 190, 193
86: 1, 12, 17, 39, 54, 57, 61, 62, 64, 87, 93, 95, 116, 122, 126, 129, 161, 172, 181, 190
87: 1, 3, 7, 10, 12, 17, 21, 24, 26, 37, 39, 40, 48, 56, 57, 62, 64, 67, 72, 86, 91, 93, 94, 95, 118, 123, 129, 132, 134, 137, 144, 145, 149, 153, 159, 160, 161, 172, 181, 187, 190, 197, 198
88: 23, 164
90: 16, 28, 147
91: 5, 7, 12, 16, 17, 26, 37, 56, 57, 87, 93, 95, 118, 144, 157, 161, 171, 172, 181, 187, 197
92: 13, 30, 41, 43, 49, 104, 106, 124, 176, 182
93: 1, 3, 7, 10, 12, 17, 21, 24, 26, 37, 40, 48, 56, 57, 67, 72, 85, 86, 87, 91, 95, 116, 118, 129, 132, 134, 137, 144, 145, 149, 153, 159, 160, 161, 171, 172, 181, 187, 190, 197, 198
94: 6, 12, 17, 33, 67, 87, 95, 119, 123, 132, 134, 137, 157, 159, 184
95: 1, 3, 7, 10, 12, 17, 21, 24, 26, 37, 39, 40, 48, 56, 57, 62, 64, 67, 68, 85, 86, 87, 91, 93, 94, 116, 118, 123, 126, 129, 132, 134, 137, 144, 145, 148, 149, 153, 159, 160, 161, 172, 181, 187, 190, 197, 198
96: 44, 51, 106, 131, 199
97: 133, 146
98: 44
99: 66
101: 3, 7, 64, 116, 118, 129, 169, 190
102: 33
103: 4, 165
104: 4, 13, 30, 41, 43, 49, 92, 110, 124, 176, 182
105: 22, 107, 140, 196
106: 32, 44, 53, 92, 96, 131, 178
107: 22, 105, 121, 140
108: 10, 19, 20, 72, 111, 114, 123, 153
110: 30, 42, 63, 104, 115, 146, 164
111: 19, 20, 108, 114, 123, 141
112: 126, 128
113: 121, 196
114: 19, 20, 72, 108, 111
115: 42, 63, 110, 177
116: 7, 12, 39, 48, 58, 62, 64, 68, 85, 86, 93, 95, 101, 118, 126, 129, 138, 144, 148, 149, 168, 185, 190
117: 32
118: 1, 3, 7, 10, 12, 13, 17, 21, 24, 26, 37, 40, 48, 56, 57, 64, 67, 72, 85, 87, 91, 93, 95, 101, 116, 123, 126, 129, 132, 137, 144, 145, 149, 153, 159, 160, 161, 171, 172, 175, 181, 190, 195, 197, 198
119: 21, 28, 67, 94, 132, 159, 184
120: 50, 53
121: 107, 113, 166
122: 1, 39, 60, 86, 126, 128
123: 3, 7, 10, 11, 12, 17, 21, 35, 37, 48, 67, 87, 94, 95, 108, 111, 118, 132, 137, 144, 145, 149, 153, 159, 172
124: 13, 30, 41, 43, 48, 49, 92, 104, 176, 182
126: 1, 12, 39, 54, 60, 62, 64, 73, 81, 85, 86, 95, 112, 116, 118, 122, 128, 129, 148, 190
127: 54, 68, 85, 129, 137, 145, 148, 159, 190
128: 112, 122, 126
129: 1, 3, 7, 12, 17, 26, 37, 40, 57, 64, 68, 85, 86, 87, 93, 95, 101, 116, 118, 126, 127, 138, 144, 145, 148, 149, 161, 172, 181, 190
130: 44, 50
131: 2, 44, 51, 96, 106
132: 1, 3, 7, 10, 12, 17, 21, 26, 37, 40, 48, 56, 57, 67, 87, 93, 94, 95, 118, 119, 123, 134, 137, 144, 145, 149, 153, 159, 161, 171, 172, 181, 184, 187, 197
133: 63, 97, 146
134: 1, 5, 12, 17, 18, 24, 46, 48, 55, 67, 70, 71, 85, 87, 93, 94, 95, 132, 137, 144, 162, 174, 197, 198
136: 77, 165
137: 1, 3, 7, 10, 12, 17, 21, 24, 37, 39, 40, 48, 56, 57, 62, 67, 68, 85, 87, 93, 94, 95, 118, 123, 127, 132, 134, 144, 145, 148, 149, 153, 159, 161, 172, 181, 190, 197, 198
138: 68, 81, 85, 116, 129, 148
139: 178
140: 22, 105, 107, 196
141: 111
142: 51, 179, 194, 196
143: 51
144: 1, 3, 7, 10, 12, 17, 21, 24, 26, 37, 40, 48, 56, 57, 62, 67, 85, 87, 91, 93, 95, 116, 118, 123, 129, 132, 134, 137, 145, 148, 149, 153, 160, 161, 172, 181, 187, 190, 197
145: 1, 3, 7, 10, 12, 17, 21, 26, 37, 40, 48, 56, 57, 64, 67, 87, 93, 95, 118, 123, 127, 129, 132, 137, 144, 149, 153, 159, 160, 161, 172, 175, 181, 190
146: 42, 63, 97, 110, 133, 183
147: 8, 11, 16, 28, 90, 157, 188
148: 1, 7, 14, 39, 62, 68, 85, 95, 116, 126, 127, 129, 137, 138, 144, 149, 190, 193
149: 1, 3, 7, 10, 12, 17, 21, 24, 26, 37, 40, 48, 56, 57, 62, 64, 67, 85, 87, 93, 95, 116, 118, 123, 129, 132, 137, 144, 145, 148, 153, 159, 160, 161, 171, 172, 175, 181, 190, 197
153: 1, 3, 7, 10, 12, 17, 19, 20, 21, 26, 37, 40, 48, 56, 57, 87, 93, 95, 108, 118, 123, 132, 137, 144, 145, 149, 160, 161, 172, 181, 187
154: 69, 192
155: 78
157: 8, 11, 16, 28, 56, 67, 91, 94, 147, 171, 188, 197
158: 31, 69, 192
159: 1, 3, 7, 10, 12, 17, 21, 37, 48, 56, 57, 67, 87, 93, 94, 95, 118, 119, 123, 127, 132, 137, 145, 149, 161, 172, 181
160: 1, 3, 7, 12, 17, 21, 26, 37, 40, 48, 56, 57, 87, 93, 95, 118, 144, 145, 149, 153, 161, 171, 172, 175, 181, 187
161: 1, 3, 5, 7, 10, 12, 17, 21, 24, 26, 37, 40, 46, 48, 56, 57, 64, 72, 86, 87, 91, 93, 95, 118, 129, 132, 137, 144, 145, 149, 153, 159, 160, 171, 172, 181, 187, 190, 195, 197, 198
162: 18, 24, 55, 71, 134
163: 194
164: 4, 88, 110
165: 4, 103, 136
166: 121
167: 29, 35
168: 39, 54, 58, 61, 62, 73, 116
169: 101
171: 5, 16, 21, 26, 28, 91, 93, 118, 132, 149, 157, 160, 161, 174, 188, 197
172: 1, 3, 7, 10, 12, 17, 21, 24, 26, 37, 40, 48, 56, 57, 64, 67, 72, 86, 87, 91, 93, 95, 118, 123, 129, 132, 137, 144, 145, 149, 153, 159, 160, 161, 181, 190, 197, 198
174: 5, 46, 70, 134, 171, 198
175: 48, 118, 145, 149, 160
176: 13, 30, 41, 43, 49, 92, 104, 124, 182
177: 15, 25, 115
178: 13, 32, 44, 45, 53, 106, 139
179: 2, 142, 196
181: 1, 3, 7, 10, 12, 17, 21, 24, 26, 37, 40, 48, 56, 57, 64, 67, 86, 87, 91, 93, 95, 118, 129, 132, 137, 144, 145, 149, 153, 159, 160, 161, 172, 190, 197, 198
182: 4, 30, 34, 41, 92, 104, 124, 176
183: 146
184: 6, 67, 94, 119, 132
185: 58, 116, 193
187: 12, 17, 37, 40, 48, 56, 87, 91, 93, 95, 132, 144, 153, 160, 161
188: 16, 28, 29, 147, 157, 171
190: 1, 3, 7, 12, 17, 37, 39, 48, 54, 57, 62, 64, 85, 86, 87, 93, 95, 101, 116, 118, 126, 127, 129, 137, 144, 145, 148, 149, 161, 172, 181
192: 4, 31, 36, 69, 154, 158
193: 14, 68, 85, 148, 185
194: 142, 163
195: 5, 18, 24, 46, 70, 71, 118, 161, 198
196: 22, 76, 105, 113, 140, 142, 179
197: 1, 3, 5, 7, 12, 16, 17, 21, 26, 37, 48, 56, 57, 60, 87, 91, 93, 95, 118, 132, 134, 137, 144, 149, 157, 161, 171, 172, 181
198: 1, 5, 7, 12, 17, 18, 21, 24, 37, 46, 48, 57, 70, 71, 87, 93, 95, 118, 134, 137, 161, 172, 174, 181, 195
199: 51, 96
edgeCount: 2072
