0: 0, 2, 14, 15, 22, 23, 25, 30, 31, 32, 38, 42, 44, 45, 47, 49, 50, 51, 52, 54, 55, 60, 63, 66, 67, 69, 73, 74, 75, 77, 79, 81, 82, 88, 96, 97, 98, 99, 103, 104, 105, 106, 107, 110, 115, 117, 119, 120, 122, 126, 127, 129, 130, 131, 132, 136, 139, 140, 143, 146, 152, 154, 156, 158, 162, 163, 164, 165, 166, 169, 170, 173, 177, 178, 179, 180, 182, 183, 184, 186, 191, 192, 193, 194, 199
1: 1, 3, 4, 5, 6, 7, 9, 10, 12, 13, 14, 16, 17, 18, 19, 20, 21, 22, 24, 26, 27, 28, 30, 31, 32, 36, 37, 39, 40, 41, 42, 43, 44, 45, 46, 47, 48, 49, 53, 54, 55, 56, 57, 60, 61, 62, 63, 64, 67, 68, 69, 70, 71, 72, 73, 78, 79, 81, 83, 85, 86, 87, 91, 92, 93, 94, 95, 98, 101, 104, 105, 106, 108, 110, 112, 114, 115, 116, 118, 119, 122, 123, 124, 126, 127, 128, 129, 132, 134, 137, 138, 139, 140, 144, 145, 146, 147, 148, 149, 153, 154, 155, 157, 159, 160, 161, 162, 164, 166, 168, 169, 171, 172, 174, 175, 176, 178, 181, 182, 184, 187, 188, 190, 191, 192, 193, 195, 196, 197, 198
2: 0, 2, 4, 9, 14, 15, 22, 23, 25, 27, 30, 31, 32, 36, 38, 42, 44, 45, 47, 49, 51, 52, 54, 55, 58, 59, 60, 62, 63, 65, 66, 67, 68, 69, 73, 75, 76, 77, 79, 81, 82, 85, 88, 92, 94, 96, 97, 98, 99, 102, 103, 104, 105, 106, 107, 109, 110, 115, 116, 117, 120, 121, 122, 124, 126, 127, 130, 131, 132, 133, 134, 136, 138, 140, 142, 143, 146, 148, 150, 152, 154, 156, 158, 163, 164, 165, 166, 169, 170, 173, 177, 179, 180, 182, 183, 186, 191, 192, 193, 194, 196, 199
3: 1, 3, 4, 5, 6, 7, 10, 11, 12, 13, 14, 16, 17, 18, 19, 20, 21, 22, 24, 26, 27, 28, 29, 30, 31, 32, 34, 35, 36, 37, 39, 40, 41, 42, 43, 46, 48, 49, 54, 55, 56, 57, 61, 62, 63, 64, 67, 68, 70, 71, 72, 73, 78, 79, 81, 83, 85, 86, 87, 91, 92, 93, 94, 95, 101, 104, 105, 106, 107, 108, 110, 111, 112, 113, 114, 115, 116, 118, 119, 121, 122, 123, 124, 126, 127, 128, 129, 132, 134, 137, 138, 139, 140, 144, 145, 147, 148, 149, 153, 157, 159, 160, 161, 162, 166, 167, 169, 171, 172, 174, 175, 176, 178, 181, 182, 184, 187, 188, 190, 192, 195, 197, 198
4: 1, 2, 3, 4, 5, 6, 7, 8, 9, 11, 12, 13, 14, 16, 17, 21, 22, 23, 26, 27, 28, 30, 31, 32, 34, 36, 37, 38, 40, 41, 42, 43, 47, 48, 49, 51, 53, 56, 57, 60, 63, 64, 66, 67, 68, 69, 70, 71, 74, 76, 77, 79, 80, 85, 87, 88, 89, 90, 91, 92, 93, 94, 95, 96, 97, 99, 103, 104, 105, 106, 107, 110, 113, 114, 115, 116, 118, 119, 121, 122, 124, 129, 131, 132, 133, 134, 136, 137, 139, 140, 142, 143, 144, 145, 146, 147, 148, 149, 150, 154, 157, 158, 159, 160, 161, 164, 165, 166, 171, 172, 173, 174, 176, 178, 179, 181, 182, 183, 184, 187, 188, 190, 191, 192, 196, 197
5: 1, 3, 4, 5, 7, 8, 10, 11, 12, 13, 14, 15, 16, 17, 18, 19, 20, 21, 23, 24, 25, 26, 28, 29, 30, 31, 32, 35, 36, 37, 38, 39, 40, 41, 42, 43, 46, 48, 55, 56, 57, 60, 61, 63, 64, 66, 67, 68, 69, 70, 71, 72, 73, 76, 77, 78, 79, 80, 81, 83, 85, 86, 87, 88, 89, 91, 92, 93, 94, 95, 99, 101, 103, 104, 106, 108, 109, 110, 112, 115, 116, 118, 122, 123, 124, 126, 128, 129, 132, 133, 134, 136, 137, 138, 139, 144, 145, 146, 147, 148, 149, 151, 153, 154, 157, 159, 160, 161, 162, 164, 165, 168, 171, 172, 174, 176, 177, 178, 181, 187, 188, 190, 192, 195, 197, 198
6: 1, 3, 4, 6, 7, 8, 10, 11, 12, 14, 16, 17, 21, 22, 25, 26, 27, 28, 29, 30, 31, 33, 34, 35, 37, 40, 48, 49, 55, 56, 57, 64, 67, 68, 69, 74, 79, 85, 87, 90, 91, 92, 93, 94, 95, 97, 101, 102, 104, 105, 107, 109, 113, 114, 116, 118, 119, 121, 123, 124, 127, 131, 132, 134, 137, 140, 141, 144, 145, 147, 148, 149, 150, 153, 156, 157, 158, 159, 161, 166, 167, 169, 171, 172, 175, 176, 181, 182, 184, 185, 187, 188, 190, 192, 193, 194, 196, 197
7: 1, 3, 4, 5, 6, 7, 9, 10, 12, 13, 14, 16, 17, 18, 19, 20, 21, 22, 24, 26, 27, 28, 30, 31, 32, 34, 35, 36, 37, 39, 40, 41, 42, 43, 44, 46, 48, 49, 53, 54, 55, 56, 57, 58, 60, 61, 62, 63, 64, 67, 68, 70, 71, 72, 73, 78, 79, 81, 83, 85, 86, 87, 91, 92, 93, 94, 95, 101, 104, 105, 106, 107, 108, 110, 111, 112, 113, 114, 115, 116, 118, 119, 121, 122, 123, 124, 126, 127, 128, 129, 132, 134, 137, 138, 139, 140, 144, 145, 147, 148, 149, 153, 157, 159, 160, 161, 162, 166, 169, 171, 172, 174, 175, 176, 178, 181, 182, 184, 187, 188, 190, 192, 193, 195, 196, 197, 198
8: 4, 5, 6, 8, 10, 11, 12, 16, 17, 19, 20, 21, 22, 23, 28, 29, 30, 31, 33, 34, 35, 36, 37, 41, 55, 56, 57, 67, 69, 70, 74, 77, 79, 80, 87, 88, 90, 91, 94, 95, 102, 105, 107, 108, 111, 119, 121, 123, 132, 134, 135, 137, 141, 147, 150, 153, 154, 156, 157, 158, 159, 161, 164, 165, 166, 167, 169, 171, 172, 174, 181, 182, 184, 187, 188, 192, 197
9: 1, 2, 4, 7, 9, 12, 13, 14, 16, 17, 21, 22, 27, 30, 31, 34, 36, 37, 41, 43, 48, 49, 51, 56, 57, 67, 69, 72, 78, 82, 83, 87, 89, 92, 93, 94, 95, 96, 97, 104, 105, 107, 108, 110, 111, 114, 115, 119, 121, 124, 131, 132, 137, 140, 143, 144, 146, 147, 150, 154, 157, 158, 159, 161, 166, 176, 177, 182, 183, 184, 186, 187, 192, 196
10: 1, 3, 5, 6, 7, 8, 10, 11, 12, 13, 16, 17, 18, 19, 20, 21, 24, 26, 27, 28, 29, 30, 34, 35, 37, 39, 40, 41, 42, 43, 46, 48, 49, 54, 55, 56, 57, 61, 62, 63, 64, 67, 68, 70, 71, 72, 80, 83, 85, 86, 87, 91, 92, 93, 94, 95, 101, 104, 106, 108, 110, 111, 114, 115, 116, 118, 119, 123, 124, 126, 127, 128, 129, 132, 134, 137, 141, 144, 145, 146, 147, 148, 149, 150, 153, 159, 160, 161, 162, 167, 169, 171, 172, 174, 175, 176, 181, 182, 184, 187, 190, 195, 197, 198
11: 3, 4, 5, 6, 8, 10, 11, 12, 16, 17, 19, 21, 23, 28, 29, 30, 31, 33, 34, 35, 36, 37, 41, 55, 56, 57, 67, 69, 70, 71, 79, 80, 87, 88, 90, 91, 94, 108, 111, 119, 123, 132, 134, 135, 137, 141, 147, 150, 153, 154, 157, 158, 159, 164, 165, 167, 171, 172, 174, 181, 182, 184, 188, 192, 195, 197
12: 1, 3, 4, 5, 6, 7, 8, 9, 10, 11, 12, 13, 14, 16, 17, 18, 19, 20, 21, 22, 24, 26, 27, 28, 29, 30, 31, 32, 33, 34, 35, 36, 37, 39, 40, 41, 42, 43, 44, 46, 47, 48, 49, 53, 54, 55, 56, 57, 60, 61, 62, 63, 64, 67, 68, 69, 70, 71, 72, 73, 78, 79, 81, 83, 85, 86, 87, 90, 91, 92, 93, 94, 95, 96, 98, 101, 103, 104, 105, 106, 107, 108, 110, 111, 112, 114, 115, 116, 118, 119, 121, 122, 123, 124, 126, 127, 128, 129, 130, 132, 134, 137, 138, 139, 140, 144, 145, 146, 147, 148, 149, 151, 153, 154, 157, 158, 159, 160, 161, 162, 165, 166, 167, 168, 169, 171, 172, 174, 175, 176, 177, 178, 181, 182, 184, 187, 188, 190, 192, 193, 195, 196, 197, 198
13: 1, 3, 4, 5, 7, 9, 10, 12, 13, 15, 16, 17, 18, 19, 20, 21, 22, 24, 25, 26, 27, 28, 30, 31, 32, 34, 35, 36, 37, 38, 39, 40, 41, 42, 43, 44, 45, 46, 47, 48, 49, 53, 56, 57, 62, 63, 64, 66, 67, 68, 69, 71, 72, 74, 76, 79, 80, 82, 85, 86, 87, 91, 92, 93, 94, 95, 96, 98, 99, 100, 101, 103, 104, 105, 106, 107, 108, 110, 112, 113, 114, 115, 116, 117, 118, 119, 121, 122, 123, 124, 126, 127, 128, 129, 130, 131, 132, 134, 136, 137, 138, 139, 140, 143, 144, 145, 146, 147, 148, 149, 150, 153, 154, 157, 158, 159, 160, 161, 164, 165, 166, 171, 172, 174, 175, 176, 177, 178, 181, 182, 184, 186, 187, 188, 190, 191, 192, 195, 196, 197, 198
14: 0, 1, 2, 3, 4, 5, 6, 7, 9, 12, 14, 16, 17, 18, 21, 22, 24, 25, 26, 27, 28, 30, 31, 32, 33, 37, 39, 40, 44, 48, 49, 51, 53, 54, 55, 56, 57, 58, 59, 60, 61, 62, 64, 66, 67, 68, 71, 73, 75, 77, 78, 79, 81, 85, 86, 87, 88, 91, 92, 93, 94, 95, 96, 97, 99, 101, 102, 103, 104, 105, 106, 107, 109, 110, 112, 114, 115, 116, 117, 118, 119, 122, 123, 124, 126, 127, 129, 131, 132, 134, 136, 137, 138, 140, 142, 143, 144, 145, 146, 147, 148, 149, 150, 151, 152, 154, 155, 156, 157, 159, 161, 162, 164, 165, 166, 168, 169, 170, 171, 172, 173, 174, 175, 178, 179, 181, 182, 183, 184, 185, 187, 188, 190, 191, 192, 193, 194, 196, 197, 198, 199
15: 0, 2, 5, 13, 15, 18, 23, 24, 25, 29, 30, 31, 32, 35, 36, 38, 42, 43, 44, 45, 46, 49, 55, 63, 66, 69, 70, 71, 74, 75, 77, 79, 82, 83, 88, 89, 96, 97, 98, 99, 106, 109, 110, 115, 117, 119, 121, 124, 131, 133, 134, 146, 150, 151, 152, 158, 162, 164, 166, 167, 169, 170, 173, 174, 177, 178, 180, 182, 183, 184, 188, 192, 194, 195, 198
16: 1, 3, 4, 5, 6, 7, 8, 9, 10, 11, 12, 13, 14, 16, 17, 21, 22, 23, 26, 28, 29, 30, 31, 33, 35, 36, 37, 40, 41, 43, 48, 49, 54, 55, 56, 57, 60, 64, 66, 67, 68, 69, 70, 71, 74, 77, 79, 80, 85, 86, 87, 88, 90, 91, 92, 93, 94, 95, 96, 99, 101, 102, 103, 104, 105, 107, 110, 113, 115, 116, 118, 119, 123, 124, 127, 129, 132, 134, 136, 137, 140, 141, 142, 144, 145, 147, 148, 149, 150, 151, 153, 154, 157, 158, 159, 160, 161, 162, 164, 165, 166, 169, 171, 172, 174, 175, 176, 181, 182, 184, 187, 188, 190, 192, 193, 195, 196, 197, 198
17: 1, 3, 4, 5, 6, 7, 8, 9, 10, 11, 12, 13, 14, 16, 17, 18, 19, 20, 21, 22, 24, 26, 27, 28, 29, 30, 31, 32, 33, 34, 35, 36, 37, 39, 40, 41, 42, 43, 44, 46, 47, 48, 49, 53, 54, 55, 56, 57, 58, 60, 61, 62, 63, 64, 67, 68, 69, 70, 71, 72, 73, 78, 79, 81, 83, 85, 86, 87, 90, 91, 92, 93, 94, 95, 96, 98, 101, 103, 104, 105, 106, 107, 108, 110, 112, 114, 115, 116, 118, 119, 121, 122, 123, 124, 126, 127, 128, 129, 130, 131, 132, 134, 137, 138, 139, 140, 143, 144, 145, 146, 147, 148, 149, 151, 153, 154, 157, 158, 159, 160, 161, 162, 165, 166, 167, 168, 169, 171, 172, 174, 175, 176, 177, 178, 181, 182, 184, 187, 188, 190, 191, 192, 193, 195, 196, 197, 198
18: 1, 3, 5, 7, 10, 12, 13, 14, 15, 17, 18, 19, 20, 21, 23, 24, 25, 26, 32, 37, 39, 40, 42, 43, 44, 45, 46, 48, 49, 53, 54, 55, 56, 57, 58, 60, 61, 62, 63, 64, 67, 68, 70, 71, 73, 78, 81, 83, 85, 86, 87, 88, 91, 92, 93, 95, 97, 98, 101, 104, 106, 108, 109, 110, 112, 115, 116, 117, 118, 122, 123, 124, 125, 126, 127, 128, 129, 130, 132, 133, 134, 137, 138, 144, 145, 146, 148, 149, 151, 153, 159, 160, 161, 162, 164, 167, 169, 171, 172, 174, 175, 177, 178, 181, 183, 187, 190, 195, 197, 198
19: 1, 3, 5, 7, 8, 10, 11, 12, 13, 17, 18, 19, 20, 21, 24, 26, 29, 34, 35, 37, 40, 41, 43, 46, 48, 56, 57, 64, 67, 72, 78, 83, 87, 91, 92, 93, 95, 101, 104, 108, 111, 114, 118, 123, 129, 132, 137, 141, 144, 145, 149, 153, 159, 160, 161, 167, 172, 176, 181, 187, 190, 195, 197, 198
20: 1, 3, 5, 7, 8, 10, 12, 13, 17, 18, 19, 20, 21, 26, 29, 34, 35, 37, 40, 41, 46, 48, 56, 57, 64, 67, 72, 78, 83, 87, 91, 93, 95, 100, 101, 108, 111, 114, 118, 123, 132, 137, 141, 144, 145, 149, 153, 159, 160, 161, 172, 176, 181, 187, 190, 195, 197, 198
21: 1, 3, 4, 5, 6, 7, 8, 9, 10, 11, 12, 13, 14, 16, 17, 18, 19, 20, 21, 22, 24, 26, 27, 28, 29, 30, 31, 32, 33, 35, 36, 37, 39, 40, 41, 42, 43, 44, 46, 47, 48, 49, 53, 54, 55, 56, 57, 58, 60, 61, 62, 63, 64, 67, 68, 69, 70, 71, 72, 73, 74, 78, 79, 81, 83, 85, 86, 87, 90, 91, 92, 93, 94, 95, 96, 99, 101, 104, 105, 106, 107, 108, 110, 111, 112, 114, 115, 116, 118, 119, 121, 122, 123, 124, 126, 127, 128, 129, 131, 132, 134, 137, 138, 139, 140, 144, 145, 147, 148, 149, 151, 153, 154, 155, 156, 157, 158, 159, 160, 161, 162, 166, 169, 171, 172, 174, 175, 176, 177, 178, 181, 182, 184, 187, 188, 190, 192, 193, 195, 197, 198
22: 0, 1, 2, 3, 4, 6, 7, 8, 9, 12, 13, 14, 16, 17, 21, 22, 23, 25, 27, 28, 30, 31, 32, 33, 34, 36, 37, 40, 41, 42, 43, 48, 49, 51, 54, 55, 56, 57, 67, 68, 69, 74, 75, 76, 77, 79, 80, 85, 87, 88, 90, 91, 92, 93, 94, 95, 96, 97, 99, 102, 103, 104, 105, 106, 107, 110, 113, 115, 116, 118, 119, 121, 123, 124, 127, 131, 132, 133, 134, 136, 137, 140, 142, 143, 144, 145, 146, 147, 148, 149, 150, 152, 154, 157, 158, 159, 161, 163, 164, 165, 166, 169, 171, 172, 176, 177, 179, 181, 182, 183, 184, 185, 187, 188, 191, 192, 193, 194, 196, 197, 199
23: 0, 2, 4, 5, 8, 11, 15, 16, 18, 22, 23, 25, 28, 29, 30, 31, 32, 36, 38, 42, 46, 55, 63, 65, 66, 69, 70, 71, 74, 75, 76, 77, 80, 88, 89, 90, 96, 97, 99, 103, 107, 109, 110, 115, 117, 119, 131, 133, 134, 135, 136, 142, 146, 147, 150, 151, 152, 154, 157, 158, 162, 164, 165, 166, 170, 173, 174, 177, 180, 182, 183, 188, 192, 198
24: 1, 3, 5, 7, 10, 12, 13, 14, 15, 17, 18, 19, 21, 24, 25, 26, 27, 30, 32, 34, 37, 39, 40, 41, 42, 43, 44, 46, 48, 49, 53, 54, 55, 56, 57, 58, 60, 61, 62, 63, 64, 67, 68, 70, 71, 72, 73, 78, 79, 81, 83, 85, 86, 87, 88, 91, 92, 93, 94, 95, 96, 97, 98, 101, 104, 106, 108, 109, 110, 112, 114, 115, 116, 118, 119, 122, 123, 124, 126, 127, 128, 129, 131, 132, 133, 134, 137, 138, 139, 144, 145, 146, 148, 149, 150, 151, 153, 159, 160, 161, 162, 164, 168, 169, 172, 174, 175, 176, 177, 178, 181, 183, 187, 190, 195, 197, 198
25: 0, 2, 5, 6, 13, 14, 15, 18, 22, 23, 24, 25, 27, 28, 29, 31, 32, 34, 35, 36, 42, 49, 51, 55, 63, 66, 68, 69, 74, 75, 76, 77, 85, 88, 89, 92, 94, 96, 97, 99, 100, 105, 106, 107, 109, 110, 113, 115, 116, 117, 119, 121, 124, 131, 132, 133, 134, 136, 138, 140, 142, 143, 144, 146, 148, 150, 151, 152, 154, 158, 162, 163, 164, 166, 167, 169, 170, 174, 177, 178, 180, 182, 183, 184, 185, 188, 192, 193, 194, 196, 199
26: 1, 3, 4, 5, 6, 7, 10, 12, 13, 14, 16, 17, 18, 19, 20, 21, 24, 26, 27, 28, 30, 31, 32, 35, 36, 37, 39, 40, 41, 42, 43, 45, 46, 47, 48, 49, 53, 54, 56, 57, 60, 61, 62, 63, 64, 67, 68, 69, 70, 71, 72, 78, 79, 81, 85, 86, 87, 90, 91, 92, 93, 94, 95, 101, 104, 106, 108, 110, 112, 114, 115, 116, 118, 119, 122, 123, 124, 126, 127, 128, 129, 132, 134, 137, 138, 139, 144, 145, 147, 148, 149, 153, 154, 157, 159, 160, 161, 162, 166, 169, 171, 172, 174, 175, 176, 178, 181, 182, 184, 187, 188, 190, 192, 195, 197, 198
27: 1, 2, 3, 4, 6, 7, 9, 10, 12, 13, 14, 17, 21, 22, 24, 25, 26, 27, 30, 31, 32, 34, 36, 37, 39, 40, 41, 42, 43, 44, 48, 49, 51, 53, 56, 57, 63, 67, 68, 69, 76, 85, 86, 87, 91, 92, 93, 94, 95, 96, 97, 98, 103, 104, 105, 106, 107, 110, 113, 115, 118, 119, 121, 124, 131, 132, 134, 137, 139, 140, 143, 144, 145, 146, 148, 149, 150, 153, 154, 157, 158, 159, 160, 161, 164, 165, 166, 172, 175, 176, 177, 178, 179, 181, 182, 183, 184, 187, 190, 191, 192, 196, 197, 198
28: 1, 3, 4, 5, 6, 7, 8, 10, 11, 12, 13, 14, 16, 17, 21, 22, 23, 25, 26, 28, 29, 30, 31, 33, 35, 36, 37, 40, 43, 48, 49, 56, 57, 60, 64, 66, 67, 69, 70, 74, 77, 79, 85, 86, 87, 90, 91, 92, 93, 94, 95, 99, 101, 102, 103, 104, 105, 107, 113, 116, 118, 119, 121, 123, 124, 127, 129, 132, 134, 136, 137, 140, 141, 144, 145, 147, 148, 149, 151, 154, 157, 158, 159, 160, 161, 165, 166, 167, 169, 171, 172, 174, 175, 176, 177, 181, 182, 184, 187, 188, 190, 192, 193, 196, 197, 198
29: 3, 5, 6, 8, 10, 11, 12, 15, 16, 17, 19, 20, 21, 23, 25, 28, 29, 31, 33, 34, 35, 36, 37, 41, 56, 57, 66, 67, 69, 70, 74, 77, 80, 87, 90, 91, 93, 94, 95, 101, 107, 108, 118, 119, 121, 123, 132, 134, 135, 141, 144, 147, 153, 157, 158, 159, 160, 161, 166, 167, 169, 171, 172, 174, 177, 181, 182, 184, 187, 188, 192, 195, 197
30: 0, 1, 2, 3, 4, 5, 6, 7, 8, 9, 10, 11, 12, 13, 14, 15, 16, 17, 21, 22, 23, 24, 26, 27, 28, 30, 31, 32, 34, 35, 36, 37, 39, 40, 41, 42, 43, 44, 45, 46, 47, 48, 49, 51, 53, 54, 55, 56, 57, 63, 64, 66, 67, 68, 69, 71, 72, 73, 74, 75, 76, 77, 79, 80, 82, 85, 86, 87, 88, 89, 90, 91, 92, 93, 94, 95, 96, 97, 98, 99, 101, 103, 104, 105, 106, 107, 108, 110, 113, 114, 115, 116, 117, 118, 119, 121, 122, 123, 124, 126, 127, 129, 130, 131, 132, 133, 134, 136, 137, 139, 140, 142, 143, 144, 145, 146, 147, 148, 149, 150, 153, 154, 157, 158, 159, 160, 161, 162, 164, 165, 166, 169, 171, 172, 173, 175, 176, 177, 178, 179, 180, 181, 182, 183, 184, 187, 188, 190, 191, 192, 195, 196, 197, 198
31: 0, 1, 2, 3, 4, 5, 6, 7, 8, 9, 11, 12, 13, 14, 15, 16, 17, 21, 22, 23, 25, 26, 27, 28, 29, 30, 31, 32, 33, 34, 36, 37, 38, 41, 42, 43, 48, 49, 51, 56, 57, 66, 67, 69, 74, 75, 76, 77, 79, 80, 87, 88, 89, 90, 91, 92, 93, 94, 95, 96, 97, 99, 103, 104, 105, 107, 110, 113, 115, 118, 119, 121, 124, 131, 132, 134, 135, 136, 137, 140, 142, 143, 144, 146, 147, 150, 154, 157, 158, 159, 161, 164, 165, 166, 171, 172, 173, 174, 176, 177, 178, 179, 181, 182, 183, 184, 187, 188, 191, 192, 193, 194, 196, 197, 199
32: 0, 1, 2, 3, 4, 5, 7, 12, 13, 14, 15, 17, 18, 21, 22, 23, 24, 25, 26, 27, 30, 31, 32, 34, 36, 37, 38, 39, 40, 41, 42, 43, 44, 45, 46, 47, 48, 49, 50, 51, 52, 53, 54, 55, 56, 57, 58, 60, 61, 62, 63, 64, 66, 67, 68, 69, 70, 71, 73, 75, 76, 77, 78, 79, 81, 82, 85, 86, 87, 88, 89, 91, 92, 93, 95, 96, 98, 99, 100, 101, 103, 104, 105, 106, 110, 112, 115, 116, 117, 118, 119, 120, 121, 122, 124, 126, 127, 128, 129, 130, 131, 132, 134, 136, 137, 138, 139, 140, 142, 143, 144, 145, 146, 148, 149, 150, 152, 153, 154, 158, 160, 161, 162, 163, 164, 165, 166, 168, 169, 170, 171, 172, 173, 174, 176, 177, 178, 179, 181, 182, 183, 185, 186, 187, 188, 190, 191, 192, 193, 194, 195, 196, 197, 198, 199
33: 6, 8, 11, 12, 14, 16, 17, 21, 22, 28, 29, 31, 33, 35, 37, 40, 48, 56, 67, 68, 69, 76, 87, 90, 91, 94, 95, 102, 105, 107, 113, 119, 121, 123, 127, 132, 134, 137, 140, 142, 144, 145, 147, 157, 158, 159, 163, 166, 169, 171, 179, 182, 184, 185, 187, 188, 192, 193, 194, 196, 197
34: 3, 4, 6, 7, 8, 9, 10, 11, 12, 13, 17, 19, 20, 22, 24, 25, 27, 29, 30, 31, 32, 34, 35, 36, 37, 40, 41, 42, 43, 48, 49, 51, 55, 56, 57, 63, 67, 69, 76, 80, 87, 88, 92, 93, 94, 95, 96, 97, 104, 105, 107, 108, 110, 111, 113, 115, 118, 119, 121, 123, 124, 132, 134, 135, 137, 140, 143, 144, 145, 146, 149, 150, 153, 158, 159, 161, 162, 164, 165, 166, 167, 172, 176, 177, 182, 183, 184, 187, 192, 196
35: 3, 5, 6, 7, 8, 10, 11, 12, 13, 15, 16, 17, 19, 20, 21, 25, 26, 28, 29, 30, 33, 34, 35, 37, 40, 41, 43, 46, 48, 55, 56, 57, 64, 67, 69, 74, 79, 80, 87, 90, 91, 93, 94, 95, 101, 107, 108, 111, 115, 118, 119, 121, 123, 132, 134, 137, 141, 144, 145, 147, 149, 150, 151, 153, 156, 157, 158, 159, 160, 161, 162, 166, 167, 169, 171, 172, 174, 176, 177, 181, 182, 184, 187, 188, 190, 192, 195, 197, 198
36: 1, 2, 3, 4, 5, 7, 8, 9, 11, 12, 13, 15, 16, 17, 21, 22, 23, 25, 26, 27, 28, 29, 30, 31, 32, 34, 36, 37, 38, 40, 41, 42, 43, 44, 45, 46, 47, 48, 49, 53, 56, 57, 60, 63, 64, 66, 67, 68, 69, 70, 72, 74, 76, 77, 80, 82, 85, 86, 87, 88, 89, 90, 91, 92, 93, 94, 95, 96, 98, 99, 103, 104, 105, 106, 107, 110, 113, 114, 115, 116, 117, 118, 119, 121, 124, 129, 131, 132, 134, 136, 137, 138, 139, 140, 143, 144, 145, 146, 147, 148, 149, 153, 154, 157, 158, 159, 160, 161, 164, 165, 166, 170, 171, 172, 174, 176, 177, 178, 179, 181, 182, 187, 188, 190, 191, 192, 194, 195, 196, 197, 198
37: 1, 3, 4, 5, 6, 7, 8, 9, 10, 11, 12, 13, 14, 16, 17, 18, 19, 20, 21, 22, 24, 26, 27, 28, 29, 30, 31, 32, 33, 34, 35, 36, 37, 39, 40, 41, 42, 43, 44, 45, 46, 47, 48, 49, 53, 54, 55, 56, 57, 60, 61, 62, 63, 64, 67, 68, 69, 70, 71, 72, 73, 78, 79, 81, 83, 85, 86, 87, 90, 91, 92, 93, 94, 95, 101, 103, 104, 105, 106, 107, 108, 110, 111, 112, 114, 115, 116, 118, 119, 121, 122, 123, 124, 126, 127, 128, 129, 130, 132, 134, 137, 138, 139, 140, 144, 145, 146, 147, 148, 149, 153, 154, 155, 156, 157, 158, 159, 160, 161, 162, 165, 166, 169, 171, 172, 174, 175, 176, 178, 181, 182, 184, 187, 188, 190, 192, 195, 196, 197, 198
38: 0, 2, 4, 5, 13, 15, 23, 31, 32, 36, 38, 42, 44, 45, 46, 47, 50, 53, 60, 63, 65, 66, 70, 73, 74, 75, 77, 82, 88, 91, 96, 98, 99, 103, 106, 112, 116, 117, 122, 126, 128, 130, 131, 136, 138, 139, 143, 146, 152, 163, 164, 165, 170, 173, 174, 178, 179, 191, 192, 194
39: 1, 3, 5, 7, 10, 12, 13, 14, 17, 18, 21, 24, 26, 27, 30, 32, 37, 39, 40, 42, 44, 46, 47, 48, 49, 51, 53, 54, 55, 56, 57, 58, 59, 60, 61, 62, 63, 64, 67, 68, 70, 71, 72, 73, 78, 79, 81, 85, 86, 87, 92, 93, 94, 95, 96, 98, 101, 102, 104, 106, 110, 112, 115, 116, 118, 119, 122, 123, 124, 126, 127, 128, 129, 130, 131, 132, 134, 137, 138, 139, 143, 144, 145, 146, 148, 149, 153, 155, 156, 159, 160, 161, 162, 165, 168, 169, 172, 175, 176, 178, 179, 181, 184, 185, 187, 190, 191, 193, 195, 197, 198
40: 1, 3, 4, 5, 6, 7, 10, 12, 13, 14, 16, 17, 18, 19, 20, 21, 22, 24, 26, 27, 28, 30, 32, 33, 34, 35, 36, 37, 39, 40, 41, 42, 43, 46, 48, 49, 54, 56, 57, 58, 61, 62, 63, 64, 67, 68, 71, 72, 78, 81, 85, 86, 87, 90, 91, 92, 93, 94, 95, 101, 104, 105, 106, 108, 110, 114, 116, 118, 119, 123, 124, 126, 127, 129, 132, 134, 137, 138, 139, 140, 144, 145, 147, 148, 149, 153, 157, 159, 160, 161, 166, 168, 169, 171, 172, 175, 176, 178, 181, 182, 184, 185, 187, 188, 190, 195, 196, 197, 198
41: 1, 3, 4, 5, 7, 8, 9, 10, 11, 12, 13, 16, 17, 19, 20, 21, 22, 24, 26, 27, 29, 30, 31, 32, 34, 35, 36, 37, 40, 41, 42, 43, 44, 46, 47, 48, 49, 53, 56, 57, 63, 64, 67, 69, 71, 72, 76, 80, 86, 87, 88, 91, 92, 93, 94, 95, 96, 101, 103, 104, 105, 106, 107, 108, 110, 111, 115, 118, 119, 123, 124, 130, 132, 134, 135, 137, 139, 140, 144, 145, 146, 147, 149, 150, 153, 154, 157, 158, 159, 160, 161, 162, 164, 165, 166, 172, 176, 177, 178, 181, 182, 183, 187, 190, 192, 195, 196, 197, 198
42: 0, 1, 2, 3, 4, 5, 7, 10, 12, 13, 15, 17, 18, 21, 22, 23, 24, 25, 26, 27, 30, 31, 32, 34, 36, 37, 38, 39, 40, 41, 42, 43, 44, 45, 46, 47, 48, 49, 50, 52, 53, 55, 56, 57, 60, 62, 63, 64, 67, 68, 70, 71, 73, 75, 76, 81, 82, 83, 85, 86, 87, 88, 89, 92, 93, 95, 96, 97, 98, 101, 103, 104, 106, 108, 109, 110, 112, 115, 116, 117, 118, 120, 122, 123, 124, 126, 128, 129, 130, 131, 132, 133, 134, 137, 139, 143, 144, 145, 146, 148, 149, 150, 151, 152, 153, 159, 161, 162, 164, 165, 166, 170, 172, 173, 174, 175, 176, 177, 178, 180, 181, 182, 183, 186, 190, 191, 192, 195, 197, 198
43: 1, 3, 4, 5, 7, 9, 10, 12, 13, 15, 16, 17, 18, 19, 21, 22, 24, 26, 27, 28, 30, 31, 32, 34, 35, 36, 37, 40, 41, 42, 43, 44, 45, 46, 47, 48, 49, 53, 56, 57, 63, 64, 66, 67, 69, 72, 74, 80, 85, 86, 87, 91, 92, 93, 95, 98, 99, 101, 103, 104, 105, 106, 107, 108, 110, 113, 114, 115, 116, 117, 118, 119, 121, 123, 124, 126, 127, 129, 130, 132, 137, 139, 140, 144, 145, 146, 149, 150, 153, 154, 157, 158, 159, 160, 161, 165, 166, 169, 171, 172, 175, 176, 177, 178, 181, 182, 184, 187, 188, 190, 191, 192, 195, 196, 197, 198
44: 0, 1, 2, 7, 12, 13, 14, 15, 17, 18, 21, 24, 27, 30, 32, 36, 37, 38, 39, 41, 42, 43, 44, 45, 46, 47, 48, 49, 50, 51, 52, 53, 54, 55, 57, 58, 60, 61, 62, 63, 64, 66, 68, 70, 71, 73, 75, 77, 78, 79, 81, 82, 85, 86, 87, 88, 92, 93, 95, 96, 97, 98, 101, 103, 104, 106, 110, 112, 115, 116, 117, 118, 120, 122, 124, 125, 126, 127, 128, 129, 130, 131, 133, 134, 136, 137, 138, 139, 143, 144, 145, 146, 148, 152, 156, 161, 162, 163, 164, 165, 166, 168, 169, 170, 172, 173, 176, 177, 178, 179, 181, 182, 183, 186, 190, 191, 195, 198, 199
45: 0, 1, 2, 13, 15, 18, 26, 30, 32, 36, 37, 38, 42, 43, 44, 45, 46, 47, 49, 50, 52, 53, 57, 60, 62, 63, 64, 66, 71, 73, 75, 81, 82, 85, 86, 92, 93, 96, 98, 99, 103, 104, 106, 110, 112, 115, 116, 117, 118, 120, 122, 124, 126, 128, 129, 130, 131, 133, 136, 138, 139, 146, 148, 155, 160, 161, 162, 164, 165, 170, 173, 176, 177, 178, 183, 186, 190, 191, 195, 198
46: 1, 3, 5, 7, 10, 12, 13, 15, 17, 18, 19, 20, 21, 23, 24, 26, 30, 32, 35, 36, 37, 38, 39, 40, 41, 42, 43, 44, 45, 46, 48, 54, 55, 56, 57, 58, 60, 61, 62, 63, 64, 67, 68, 70, 71, 72, 73, 78, 79, 81, 83, 85, 86, 87, 88, 91, 92, 93, 95, 97, 98, 101, 104, 106, 108, 109, 110, 112, 115, 116, 117, 118, 122, 123, 124, 126, 128, 129, 130, 132, 133, 134, 137, 138, 139, 144, 145, 146, 148, 149, 151, 153, 159, 160, 161, 162, 164, 171, 172, 174, 175, 176, 177, 178, 180, 181, 183, 187, 188, 190, 195, 197, 198
47: 0, 1, 2, 4, 12, 13, 17, 21, 26, 30, 32, 36, 37, 38, 39, 41, 42, 43, 44, 45, 47, 48, 49, 50, 51, 52, 53, 54, 57, 60, 61, 62, 63, 64, 66, 73, 75, 77, 79, 81, 82, 85, 86, 87, 92, 93, 95, 96, 98, 99, 101, 103, 104, 106, 110, 112, 115, 116, 117, 118, 120, 122, 124, 126, 128, 129, 130, 131, 136, 139, 143, 144, 145, 146, 148, 155, 161, 164, 165, 168, 169, 170, 172, 173, 176, 178, 181, 182, 186, 190, 191, 198, 199
48: 1, 3, 4, 5, 6, 7, 9, 10, 12, 13, 14, 16, 17, 18, 19, 20, 21, 22, 24, 26, 27, 28, 30, 31, 32, 33, 34, 35, 36, 37, 39, 40, 41, 42, 43, 44, 46, 47, 48, 49, 53, 54, 55, 56, 57, 58, 60, 61, 62, 63, 64, 67, 68, 69, 70, 71, 72, 73, 78, 79, 81, 83, 85, 86, 87, 90, 91, 92, 93, 94, 95, 98, 101, 104, 105, 106, 108, 110, 111, 112, 114, 115, 116, 118, 119, 122, 123, 124, 126, 127, 128, 129, 132, 134, 137, 138, 139, 140, 144, 145, 146, 147, 148, 149, 150, 151, 153, 154, 155, 157, 159, 160, 161, 162, 166, 168, 169, 171, 172, 174, 175, 176, 178, 181, 182, 184, 185, 187, 188, 190, 192, 193, 195, 196, 197, 198
49: 0, 1, 2, 3, 4, 6, 7, 9, 10, 12, 13, 14, 15, 16, 17, 18, 21, 22, 24, 25, 26, 27, 28, 30, 31, 32, 34, 36, 37, 39, 40, 41, 42, 43, 44, 45, 47, 48, 49, 51, 52, 53, 54, 56, 57, 61, 63, 64, 66, 67, 69, 72, 74, 75, 77, 79, 82, 83, 85, 86, 87, 91, 92, 93, 94, 95, 96, 98, 99, 101, 103, 104, 105, 106, 107, 108, 110, 113, 114, 115, 116, 117, 118, 119, 120, 121, 122, 123, 124, 126, 127, 129, 130, 131, 132, 134, 136, 137, 139, 140, 144, 145, 146, 147, 148, 149, 150, 153, 154, 155, 157, 158, 159, 160, 161, 164, 165, 166, 169, 171, 172, 175, 176, 177, 178, 181, 182, 183, 184, 187, 188, 190, 191, 192, 195, 196, 197, 198
50: 0, 32, 38, 42, 44, 45, 47, 50, 52, 53, 60, 63, 65, 73, 75, 86, 96, 98, 103, 106, 112, 117, 120, 122, 126, 128, 130, 131, 136, 139, 146, 152, 170, 173, 176, 178, 198
51: 0, 2, 4, 9, 14, 22, 25, 27, 30, 31, 32, 34, 39, 44, 47, 49, 51, 53, 54, 55, 58, 59, 61, 62, 66, 67, 68, 69, 73, 75, 76, 77, 79, 85, 86, 88, 92, 94, 96, 97, 98, 99, 102, 103, 104, 105, 106, 107, 110, 113, 115, 116, 117, 121, 124, 127, 131, 133, 134, 136, 139, 140, 142, 143, 146, 148, 150, 152, 154, 163, 164, 165, 166, 168, 169, 173, 177, 178, 179, 182, 183, 185, 191, 192, 193, 194, 196, 199
52: 0, 2, 32, 42, 44, 45, 47, 49, 50, 52, 53, 54, 63, 65, 73, 75, 78, 82, 83, 89, 96, 98, 106, 115, 117, 120, 122, 125, 126, 128, 130, 131, 139, 152, 155, 170, 173, 178, 186, 189, 199
53: 1, 4, 7, 12, 13, 14, 17, 18, 21, 24, 26, 27, 30, 32, 36, 37, 38, 39, 41, 42, 43, 44, 45, 47, 48, 49, 50, 51, 52, 53, 54, 57, 60, 61, 62, 63, 64, 66, 68, 71, 73, 75, 77, 78, 79, 82, 85, 86, 87, 92, 93, 95, 96, 98, 99, 101, 103, 104, 106, 110, 112, 115, 116, 117, 118, 120, 122, 124, 126, 127, 128, 129, 130, 131, 133, 134, 136, 137, 138, 139, 142, 143, 144, 145, 146, 148, 149, 151, 154, 155, 159, 160, 161, 162, 164, 165, 166, 169, 170, 172, 173, 176, 178, 180, 181, 182, 183, 190, 191, 193, 198, 199
54: 0, 1, 2, 3, 7, 10, 12, 14, 16, 17, 18, 21, 22, 24, 26, 30, 32, 37, 39, 40, 44, 46, 47, 48, 49, 51, 52, 53, 54, 55, 56, 57, 58, 59, 60, 61, 62, 64, 67, 68, 71, 73, 77, 78, 79, 81, 82, 85, 86, 87, 92, 93, 94, 95, 96, 101, 102, 104, 105, 106, 110, 112, 115, 116, 117, 118, 119, 120, 122, 123, 124, 125, 126, 127, 128, 129, 130, 131, 132, 134, 136, 137, 138, 139, 140, 142, 143, 144, 145, 148, 149, 150, 153, 155, 156, 157, 159, 161, 162, 165, 168, 169, 172, 173, 174, 178, 181, 184, 185, 190, 191, 193, 195, 197, 198, 199
55: 0, 1, 2, 3, 5, 6, 7, 8, 10, 11, 12, 14, 15, 16, 17, 18, 21, 22, 23, 24, 25, 30, 32, 34, 35, 37, 39, 42, 44, 46, 48, 51, 54, 55, 56, 57, 58, 59, 60, 61, 62, 63, 64, 67, 68, 70, 71, 73, 75, 76, 78, 79, 81, 83, 84, 85, 86, 87, 88, 92, 93, 94, 95, 96, 97, 101, 102, 104, 105, 106, 109, 110, 111, 112, 115, 116, 117, 118, 119, 122, 123, 124, 126, 127, 128, 129, 131, 132, 133, 134, 137, 138, 140, 144, 145, 146, 148, 149, 150, 151, 152, 153, 156, 157, 159, 161, 162, 164, 166, 167, 169, 171, 172, 173, 174, 175, 177, 180, 181, 183, 184, 190, 192, 193, 195, 197, 198
56: 1, 3, 4, 5, 6, 7, 8, 9, 10, 11, 12, 13, 14, 16, 17, 18, 19, 20, 21, 22, 24, 26, 27, 28, 29, 30, 31, 32, 33, 34, 35, 36, 37, 39, 40, 41, 42, 43, 46, 48, 49, 54, 55, 56, 57, 60, 62, 63, 64, 67, 68, 69, 70, 71, 72, 73, 76, 79, 80, 85, 86, 87, 90, 91, 92, 93, 94, 95, 96, 101, 103, 104, 105, 106, 107, 108, 110, 112, 114, 115, 116, 118, 119, 122, 123, 124, 126, 127, 128, 129, 132, 134, 137, 138, 139, 140, 144, 145, 146, 147, 148, 149, 150, 153, 154, 156, 157, 158, 159, 160, 161, 162, 164, 165, 166, 169, 171, 172, 174, 175, 176, 178, 181, 182, 184, 187, 188, 190, 191, 192, 193, 195, 196, 197, 198
57: 1, 3, 4, 5, 6, 7, 8, 9, 10, 11, 12, 13, 14, 16, 17, 18, 19, 20, 21, 22, 24, 26, 27, 28, 29, 30, 31, 32, 34, 35, 36, 37, 39, 40, 41, 42, 43, 44, 45, 46, 47, 48, 49, 53, 54, 55, 56, 57, 60, 62, 63, 64, 67, 68, 69, 70, 71, 72, 73, 78, 79, 80, 81, 83, 85, 86, 87, 90, 91, 92, 93, 94, 95, 101, 103, 104, 105, 106, 107, 108, 110, 112, 114, 115, 116, 118, 119, 122, 123, 124, 126, 127, 128, 129, 130, 132, 134, 137, 138, 139, 140, 144, 145, 146, 147, 148, 149, 153, 154, 157, 158, 159, 160, 161, 162, 165, 166, 169, 171, 172, 174, 175, 176, 178, 181, 182, 184, 187, 188, 190, 192, 193, 195, 196, 197, 198
58: 2, 7, 14, 17, 18, 21, 24, 32, 39, 40, 44, 46, 48, 51, 54, 55, 58, 59, 60, 61, 62, 64, 66, 67, 68, 73, 78, 79, 81, 82, 85, 86, 87, 93, 94, 96, 98, 99, 101, 102, 106, 109, 112, 116, 117, 118, 120, 122, 125, 126, 127, 128, 129, 131, 132, 134, 138, 140, 142, 143, 144, 148, 149, 152, 155, 156, 160, 161, 163, 168, 169, 171, 173, 174, 178, 185, 190, 193, 194, 195, 199
59: 2, 14, 39, 51, 54, 55, 58, 59, 62, 68, 73, 94, 96, 102, 109, 112, 116, 125, 126, 127, 128, 131, 140, 142, 148, 152, 156, 168, 169, 173, 185, 193, 199
60: 0, 1, 2, 4, 5, 7, 12, 14, 16, 17, 18, 21, 24, 26, 28, 32, 36, 37, 38, 39, 42, 44, 45, 46, 47, 48, 50, 53, 54, 55, 56, 57, 58, 60, 62, 63, 64, 66, 68, 70, 71, 73, 75, 77, 79, 81, 85, 86, 87, 88, 91, 93, 95, 96, 98, 99, 101, 103, 106, 109, 112, 116, 117, 118, 122, 126, 127, 128, 129, 130, 131, 132, 134, 136, 137, 138, 139, 144, 145, 148, 149, 152, 155, 156, 157, 160, 161, 162, 164, 165, 168, 169, 170, 171, 172, 173, 174, 175, 178, 179, 181, 186, 188, 190, 191, 193, 195, 197, 198
61: 1, 3, 5, 7, 10, 12, 14, 17, 18, 21, 24, 26, 32, 37, 39, 40, 44, 46, 47, 48, 49, 51, 53, 54, 55, 58, 61, 62, 64, 67, 68, 73, 78, 79, 81, 85, 86, 87, 93, 95, 96, 98, 101, 106, 112, 115, 116, 118, 122, 123, 125, 126, 127, 128, 129, 131, 132, 134, 137, 138, 139, 143, 144, 145, 148, 149, 155, 159, 160, 161, 168, 169, 171, 172, 174, 178, 181, 185, 187, 190, 193, 195, 198
62: 1, 2, 3, 7, 10, 12, 13, 14, 17, 18, 21, 24, 26, 32, 37, 39, 40, 42, 44, 45, 46, 47, 48, 51, 53, 54, 55, 56, 57, 58, 59, 60, 61, 62, 63, 64, 67, 68, 70, 71, 72, 73, 78, 79, 81, 83, 85, 86, 87, 92, 93, 94, 95, 96, 98, 101, 103, 104, 106, 110, 112, 114, 116, 117, 118, 122, 123, 124, 125, 126, 127, 128, 129, 130, 131, 132, 134, 137, 138, 139, 143, 144, 145, 148, 149, 153, 155, 156, 159, 160, 161, 162, 165, 168, 169, 172, 175, 176, 178, 181, 185, 186, 187, 190, 193, 195, 197, 198
63: 0, 1, 2, 3, 4, 5, 7, 10, 12, 13, 15, 17, 18, 21, 23, 24, 25, 26, 27, 30, 32, 34, 36, 37, 38, 39, 40, 41, 42, 43, 44, 45, 46, 47, 48, 49, 50, 52, 53, 55, 56, 57, 60, 62, 63, 64, 70, 71, 73, 74, 75, 76, 81, 83, 85, 86, 87, 88, 89, 92, 93, 95, 96, 97, 98, 103, 104, 106, 109, 110, 112, 115, 116, 117, 118, 120, 122, 123, 124, 126, 128, 129, 130, 131, 132, 133, 134, 137, 139, 143, 144, 145, 146, 148, 149, 150, 152, 153, 159, 160, 161, 162, 164, 165, 166, 170, 172, 173, 174, 175, 176, 177, 178, 180, 181, 182, 183, 186, 190, 191, 195, 197, 198
64: 1, 3, 4, 5, 6, 7, 10, 12, 13, 14, 16, 17, 18, 19, 20, 21, 24, 26, 28, 30, 32, 35, 36, 37, 39, 40, 41, 42, 43, 44, 45, 46, 47, 48, 49, 53, 54, 55, 56, 57, 58, 60, 61, 62, 63, 64, 66, 67, 68, 70, 71, 72, 73, 78, 79, 81, 82, 83, 85, 86, 87, 91, 92, 93, 94, 95, 96, 98, 101, 102, 103, 104, 106, 108, 110, 112, 114, 115, 116, 117, 118, 119, 122, 123, 124, 126, 127, 128, 129, 130, 131, 132, 134, 136, 137, 138, 139, 143, 144, 145, 147, 148, 149, 153, 155, 156, 157, 159, 160, 161, 162, 165, 166, 168, 169, 171, 172, 173, 174, 175, 176, 178, 181, 182, 184, 187, 188, 190, 193, 195, 197, 198
65: 2, 23, 38, 50, 52, 65, 66, 75, 77, 82, 88, 89, 96, 99, 103, 117, 125, 131, 136, 152, 155, 165, 173, 189, 199
66: 0, 2, 4, 5, 13, 14, 15, 16, 23, 25, 28, 29, 30, 31, 32, 36, 38, 43, 44, 45, 47, 49, 51, 53, 58, 60, 64, 65, 66, 69, 74, 75, 77, 79, 82, 85, 86, 88, 89, 90, 91, 96, 98, 99, 101, 102, 103, 106, 107, 110, 115, 116, 117, 119, 120, 121, 124, 131, 136, 139, 142, 143, 147, 148, 152, 154, 157, 158, 163, 164, 165, 166, 169, 170, 171, 173, 174, 177, 178, 185, 188, 190, 192, 193, 194, 197, 199
67: 0, 1, 2, 3, 4, 5, 6, 7, 8, 9, 10, 11, 12, 13, 14, 16, 17, 18, 19, 20, 21, 22, 24, 26, 27, 28, 29, 30, 31, 32, 33, 34, 35, 36, 37, 39, 40, 41, 42, 43, 46, 48, 49, 51, 54, 55, 56, 57, 58, 61, 62, 64, 67, 68, 69, 71, 72, 73, 76, 78, 79, 83, 85, 86, 87, 88, 90, 91, 92, 93, 94, 95, 96, 97, 101, 102, 103, 104, 105, 106, 107, 108, 110, 111, 112, 113, 114, 115, 116, 118, 119, 121, 122, 123, 124, 126, 127, 128, 129, 131, 132, 134, 136, 137, 138, 140, 142, 143, 144, 145, 146, 147, 148, 149, 150, 151, 153, 154, 155, 156, 157, 158, 159, 160, 161, 162, 165, 166, 167, 169, 171, 172, 174, 175, 176, 177, 181, 182, 183, 184, 187, 188, 190, 192, 193, 195, 196, 197, 198
68: 1, 2, 3, 4, 5, 6, 7, 10, 12, 13, 14, 16, 17, 18, 21, 22, 24, 25, 26, 27, 30, 32, 33, 36, 37, 39, 40, 42, 44, 46, 48, 51, 53, 54, 55, 56, 57, 58, 59, 60, 61, 62, 64, 67, 68, 70, 71, 73, 76, 78, 79, 81, 85, 86, 87, 91, 92, 93, 94, 95, 96, 99, 101, 102, 103, 104, 105, 106, 109, 110, 112, 114, 115, 116, 118, 119, 122, 124, 126, 127, 128, 129, 131, 132, 133, 134, 137, 138, 139, 140, 142, 143, 144, 145, 146, 148, 149, 152, 155, 157, 159, 160, 161, 162, 165, 168, 169, 171, 172, 174, 175, 176, 178, 179, 181, 185, 187, 188, 190, 191, 193, 194, 195, 196, 197, 198, 199
69: 0, 1, 2, 4, 5, 6, 8, 9, 11, 12, 13, 15, 16, 17, 21, 22, 23, 25, 26, 27, 28, 29, 30, 31, 32, 33, 34, 35, 36, 37, 41, 43, 48, 49, 51, 56, 57, 66, 67, 69, 74, 75, 76, 77, 79, 80, 87, 88, 89, 90, 91, 92, 93, 94, 95, 96, 99, 103, 104, 105, 107, 110, 113, 115, 117, 118, 119, 121, 124, 131, 132, 135, 136, 137, 140, 141, 142, 144, 145, 146, 147, 149, 150, 154, 157, 158, 159, 160, 161, 164, 165, 166, 169, 170, 171, 172, 173, 174, 176, 177, 178, 180, 181, 182, 183, 184, 188, 192, 193, 194, 196, 197, 199
70: 1, 3, 4, 5, 7, 8, 10, 11, 12, 15, 16, 17, 18, 21, 23, 24, 26, 28, 29, 32, 36, 37, 38, 39, 42, 44, 46, 48, 55, 56, 57, 60, 62, 63, 64, 68, 70, 71, 73, 81, 83, 85, 86, 87, 88, 89, 90, 91, 93, 95, 97, 98, 103, 109, 110, 112, 115, 116, 118, 122, 126, 128, 129, 132, 133, 134, 137, 138, 139, 144, 145, 146, 147, 148, 153, 157, 160, 161, 162, 164, 165, 171, 172, 174, 175, 177, 181, 183, 187, 188, 190, 192, 195, 197, 198
71: 1, 3, 4, 5, 7, 10, 11, 12, 13, 14, 15, 16, 17, 18, 21, 23, 24, 26, 30, 32, 37, 39, 40, 41, 42, 44, 45, 46, 48, 53, 54, 55, 56, 57, 60, 62, 63, 64, 67, 68, 70, 71, 72, 73, 79, 81, 83, 85, 86, 87, 88, 91, 92, 93, 94, 95, 97, 98, 101, 103, 104, 106, 108, 110, 112, 115, 116, 118, 119, 122, 123, 124, 126, 127, 128, 129, 132, 133, 134, 137, 138, 139, 144, 145, 146, 148, 149, 151, 153, 157, 159, 160, 161, 162, 164, 165, 171, 172, 174, 175, 176, 177, 178, 180, 181, 182, 183, 187, 190, 191, 195, 197, 198
72: 1, 3, 5, 7, 9, 10, 12, 13, 17, 19, 20, 21, 24, 26, 30, 36, 37, 39, 40, 41, 43, 46, 48, 49, 56, 57, 62, 64, 67, 71, 72, 78, 82, 83, 86, 87, 91, 92, 93, 94, 95, 101, 104, 108, 111, 114, 118, 119, 122, 123, 124, 126, 129, 132, 137, 141, 144, 145, 147, 149, 153, 155, 159, 160, 161, 166, 171, 172, 175, 176, 178, 181, 182, 184, 186, 187, 188, 190, 195, 197, 198
73: 0, 1, 2, 3, 5, 7, 12, 14, 17, 18, 21, 24, 30, 32, 37, 38, 39, 42, 44, 45, 46, 47, 48, 50, 51, 52, 53, 54, 55, 56, 57, 58, 59, 60, 61, 62, 63, 64, 67, 68, 70, 71, 73, 75, 77, 78, 79, 81, 82, 85, 86, 87, 91, 93, 94, 95, 96, 98, 101, 102, 103, 104, 106, 109, 110, 112, 116, 117, 118, 119, 120, 122, 124, 125, 126, 127, 128, 129, 130, 131, 132, 134, 137, 138, 139, 143, 144, 145, 146, 148, 149, 152, 155, 156, 157, 159, 161, 162, 164, 165, 168, 169, 170, 172, 173, 178, 179, 181, 182, 184, 187, 190, 191, 193, 195, 197, 198, 199
74: 0, 4, 6, 8, 13, 15, 16, 21, 22, 23, 25, 28, 29, 30, 31, 35, 36, 38, 43, 49, 63, 66, 69, 74, 75, 77, 88, 90, 91, 94, 97, 99, 103, 105, 107, 113, 117, 119, 121, 124, 132, 135, 136, 140, 146, 147, 154, 157, 158, 164, 165, 166, 170, 171, 174, 176, 177, 180, 182, 183, 184, 188, 192, 194, 196, 197
75: 0, 2, 14, 15, 22, 23, 25, 30, 31, 32, 38, 42, 44, 45, 47, 49, 50, 51, 52, 53, 55, 60, 63, 65, 66, 69, 73, 74, 75, 77, 79, 82, 88, 96, 97, 98, 99, 103, 104, 107, 110, 115, 117, 119, 120, 122, 126, 127, 130, 131, 136, 142, 146, 150, 152, 154, 155, 156, 158, 162, 164, 165, 166, 169, 170, 173, 177, 178, 179, 180, 182, 183, 184, 191, 192, 193, 199
76: 2, 4, 5, 13, 22, 23, 25, 27, 30, 31, 32, 33, 34, 36, 41, 42, 51, 55, 56, 63, 67, 68, 69, 76, 77, 80, 85, 88, 89, 92, 94, 96, 97, 100, 102, 103, 104, 105, 107, 110, 113, 115, 121, 124, 131, 133, 134, 136, 137, 140, 142, 143, 146, 148, 150, 154, 157, 158, 162, 163, 164, 165, 176, 179, 182, 183, 192, 194, 196, 197, 199
77: 0, 2, 4, 5, 8, 14, 15, 16, 22, 23, 25, 28, 29, 30, 31, 32, 36, 38, 44, 47, 49, 51, 53, 54, 60, 65, 66, 69, 73, 74, 75, 76, 77, 79, 80, 82, 85, 86, 88, 89, 90, 91, 94, 96, 97, 99, 102, 103, 104, 105, 106, 107, 110, 115, 116, 117, 119, 120, 121, 124, 131, 136, 139, 140, 142, 143, 146, 147, 150, 152, 154, 156, 157, 158, 163, 164, 165, 166, 169, 170, 171, 173, 174, 177, 178, 179, 180, 182, 183, 184, 188, 191, 192, 193, 194, 196, 197, 199
78: 1, 3, 5, 7, 9, 12, 14, 17, 18, 19, 20, 21, 24, 26, 32, 37, 39, 40, 44, 46, 48, 52, 53, 54, 55, 57, 58, 61, 62, 64, 67, 68, 72, 73, 78, 79, 81, 82, 83, 85, 86, 87, 93, 94, 95, 96, 100, 101, 102, 106, 108, 111, 112, 114, 115, 116, 117, 118, 122, 123, 125, 126, 127, 128, 129, 131, 132, 134, 137, 138, 144, 145, 148, 149, 155, 159, 161, 166, 169, 171, 172, 174, 178, 181, 185, 186, 190, 193, 195
79: 0, 1, 2, 3, 4, 5, 6, 7, 8, 11, 12, 13, 14, 15, 16, 17, 21, 22, 24, 26, 28, 30, 31, 32, 35, 37, 39, 44, 46, 47, 48, 49, 51, 53, 54, 55, 56, 57, 58, 60, 61, 62, 64, 66, 67, 68, 69, 71, 73, 75, 77, 78, 79, 82, 85, 86, 87, 88, 91, 92, 93, 94, 95, 96, 97, 99, 101, 102, 103, 104, 105, 106, 110, 112, 115, 116, 117, 118, 119, 122, 123, 126, 127, 128, 129, 131, 132, 134, 136, 137, 138, 139, 142, 143, 144, 145, 146, 147, 148, 149, 150, 154, 155, 156, 157, 158, 159, 161, 162, 164, 165, 166, 169, 171, 172, 173, 174, 178, 181, 182, 183, 184, 185, 187, 188, 190, 191, 192, 193, 195, 197, 198, 199
80: 4, 5, 8, 10, 11, 13, 16, 22, 23, 29, 30, 31, 34, 35, 36, 41, 43, 56, 57, 69, 76, 77, 80, 88, 89, 91, 92, 103, 104, 105, 107, 108, 110, 113, 115, 123, 124, 135, 136, 140, 146, 147, 150, 153, 154, 157, 158, 164, 165, 176, 181, 182, 188, 192, 196, 197
81: 0, 1, 2, 3, 5, 7, 12, 14, 17, 18, 21, 24, 26, 32, 37, 39, 40, 42, 44, 45, 46, 47, 48, 54, 55, 57, 58, 60, 61, 62, 63, 64, 68, 70, 71, 73, 78, 81, 85, 86, 87, 93, 95, 96, 98, 101, 106, 112, 116, 117, 118, 122, 125, 126, 127, 128, 129, 130, 131, 132, 134, 137, 138, 144, 145, 148, 149, 155, 160, 161, 162, 168, 170, 172, 174, 175, 178, 181, 186, 187, 190, 191, 195, 198
82: 0, 2, 9, 13, 15, 30, 32, 36, 38, 42, 44, 45, 47, 49, 52, 53, 54, 58, 64, 65, 66, 72, 73, 75, 77, 78, 79, 82, 83, 89, 96, 98, 99, 100, 101, 103, 106, 112, 115, 117, 120, 122, 125, 126, 128, 130, 131, 136, 139, 152, 155, 156, 164, 165, 166, 170, 173, 177, 178, 186, 189, 190, 192
83: 1, 3, 5, 7, 9, 10, 12, 15, 17, 18, 19, 20, 21, 24, 37, 42, 46, 48, 49, 52, 55, 57, 62, 63, 64, 67, 70, 71, 72, 78, 82, 83, 84, 87, 89, 93, 95, 100, 101, 108, 109, 111, 114, 115, 118, 123, 125, 126, 127, 128, 132, 134, 137, 141, 145, 146, 149, 153, 155, 159, 161, 162, 172, 174, 175, 181, 183, 186, 190, 195, 198
84: 55, 83, 84, 97, 109, 111, 133, 134, 162, 183, 185, 193
85: 1, 2, 3, 4, 5, 6, 7, 10, 12, 13, 14, 16, 17, 18, 21, 22, 24, 25, 26, 27, 28, 30, 32, 36, 37, 39, 40, 42, 43, 44, 45, 46, 47, 48, 49, 51, 53, 54, 55, 56, 57, 58, 60, 61, 62, 63, 64, 66, 67, 68, 70, 71, 73, 76, 77, 78, 79, 81, 85, 86, 87, 91, 92, 93, 94, 95, 96, 98, 99, 101, 102, 103, 104, 105, 106, 109, 110, 112, 114, 115, 116, 118, 119, 122, 123, 124, 126, 127, 128, 129, 131, 132, 133, 134, 136, 137, 138, 139, 140, 142, 143, 144, 145, 146, 148, 149, 152, 153, 155, 157, 159, 160, 161, 162, 164, 165, 166, 168, 169, 171, 172, 174, 175, 176, 178, 179, 181, 182, 184, 185, 186, 187, 188, 190, 191, 193, 194, 195, 196, 197, 198, 199
86: 1, 3, 5, 7, 10, 12, 13, 14, 16, 17, 18, 21, 24, 26, 27, 28, 30, 32, 36, 37, 39, 40, 41, 42, 43, 44, 45, 46, 47, 48, 49, 50, 51, 53, 54, 55, 56, 57, 58, 60, 61, 62, 63, 64, 66, 67, 68, 70, 71, 72, 73, 77, 78, 79, 81, 85, 86, 87, 91, 92, 93, 94, 95, 96, 98, 101, 103, 104, 106, 110, 112, 115, 116, 117, 118, 119, 120, 122, 123, 124, 126, 127, 128, 129, 130, 131, 132, 134, 136, 137, 138, 139, 143, 144, 145, 147, 148, 149, 153, 155, 156, 157, 159, 160, 161, 162, 165, 168, 169, 171, 172, 173, 174, 175, 176, 178, 181, 182, 185, 187, 188, 190, 193, 195, 197, 198
87: 1, 3, 4, 5, 6, 7, 8, 9, 10, 11, 12, 13, 14, 16, 17, 18, 19, 20, 21, 22, 24, 26, 27, 28, 29, 30, 31, 32, 33, 34, 35, 36, 37, 39, 40, 41, 42, 43, 44, 46, 47, 48, 49, 53, 54, 55, 56, 57, 58, 60, 61, 62, 63, 64, 67, 68, 69, 70, 71, 72, 73, 78, 79, 81, 83, 85, 86, 87, 90, 91, 92, 93, 94, 95, 96, 98, 101, 103, 104, 105, 106, 107, 108, 110, 112, 114, 115, 116, 118, 119, 122, 123, 124, 126, 127, 128, 129, 132, 134, 137, 138, 139, 140, 143, 144, 145, 146, 147, 148, 149, 153, 154, 157, 158, 159, 160, 161, 162, 165, 166, 168, 169, 171, 172, 174, 175, 176, 177, 178, 181, 182, 184, 187, 188, 190, 192, 193, 195, 196, 197, 198
88: 0, 2, 4, 5, 8, 11, 14, 15, 16, 18, 22, 23, 24, 25, 30, 31, 32, 34, 36, 38, 41, 42, 44, 46, 51, 55, 60, 63, 65, 66, 67, 69, 70, 71, 74, 75, 76, 77, 79, 80, 88, 89, 94, 96, 97, 99, 103, 104, 105, 107, 109, 110, 115, 117, 131, 133, 134, 135, 136, 140, 142, 143, 146, 147, 150, 152, 154, 157, 158, 162, 164, 165, 171, 173, 174, 177, 179, 180, 182, 183, 192, 195, 196, 197, 198
89: 4, 5, 9, 15, 23, 25, 30, 31, 32, 36, 42, 52, 63, 65, 66, 69, 70, 76, 77, 80, 82, 83, 88, 89, 97, 99, 100, 103, 110, 115, 124, 134, 136, 141, 146, 150, 162, 164, 165, 174, 183, 192
90: 4, 6, 8, 11, 12, 16, 17, 21, 22, 23, 26, 28, 29, 30, 31, 33, 35, 36, 37, 40, 48, 56, 57, 66, 67, 69, 70, 74, 77, 87, 90, 91, 93, 94, 95, 99, 105, 107, 119, 132, 136, 137, 140, 144, 145, 147, 151, 154, 157, 158, 159, 160, 161, 166, 169, 171, 172, 174, 181, 182, 184, 187, 188, 192, 193, 197
91: 1, 3, 4, 5, 6, 7, 8, 10, 11, 12, 13, 14, 16, 17, 18, 19, 20, 21, 22, 24, 26, 27, 28, 29, 30, 31, 32, 33, 35, 36, 37, 38, 40, 41, 43, 46, 48, 49, 56, 57, 60, 64, 66, 67, 68, 69, 70, 71, 72, 73, 74, 77, 79, 80, 85, 86, 87, 90, 91, 92, 93, 94, 95, 99, 101, 103, 104, 105, 106, 108, 110, 112, 113, 114, 116, 118, 119, 121, 122, 123, 124, 126, 127, 128, 129, 132, 134, 136, 137, 138, 140, 141, 144, 145, 147, 148, 149, 153, 154, 157, 158, 159, 160, 161, 162, 164, 165, 166, 169, 171, 172, 174, 175, 176, 178, 181, 182, 184, 187, 188, 190, 192, 195, 196, 197, 198
92: 1, 2, 3, 4, 5, 6, 7, 9, 10, 12, 13, 14, 16, 17, 18, 19, 21, 22, 24, 25, 26, 27, 28, 30, 31, 32, 34, 36, 37, 39, 40, 41, 42, 43, 44, 45, 46, 47, 48, 49, 51, 53, 54, 55, 56, 57, 62, 63, 64, 67, 68, 69, 71, 72, 76, 79, 80, 85, 86, 87, 91, 92, 93, 94, 95, 96, 97, 98, 99, 100, 101, 103, 104, 105, 106, 107, 108, 110, 113, 114, 115, 116, 117, 118, 119, 121, 122, 123, 124, 126, 127, 128, 129, 130, 131, 132, 133, 134, 137, 138, 139, 140, 143, 144, 145, 146, 148, 149, 150, 153, 154, 157, 158, 159, 160, 161, 164, 165, 166, 169, 171, 172, 175, 176, 177, 178, 179, 181, 182, 184, 186, 187, 188, 190, 191, 192, 195, 196, 197, 198
93: 1, 3, 4, 5, 6, 7, 9, 10, 12, 13, 14, 16, 17, 18, 19, 20, 21, 22, 24, 26, 27, 28, 29, 30, 31, 32, 34, 35, 36, 37, 39, 40, 41, 42, 43, 44, 45, 46, 47, 48, 49, 53, 54, 55, 56, 57, 58, 60, 61, 62, 63, 64, 67, 68, 69, 70, 71, 72, 73, 78, 79, 81, 83, 85, 86, 87, 90, 91, 92, 93, 94, 95, 98, 99, 101, 104, 105, 106, 108, 110, 112, 114, 115, 116, 118, 119, 122, 123, 124, 126, 127, 128, 129, 132, 134, 137, 138, 139, 140, 144, 145, 147, 148, 149, 153, 154, 155, 157, 159, 160, 161, 162, 166, 167, 169, 171, 172, 174, 175, 176, 177, 178, 181, 182, 184, 185, 187, 188, 190, 192, 193, 195, 197, 198
94: 1, 2, 3, 4, 5, 6, 7, 8, 9, 10, 11, 12, 13, 14, 16, 17, 21, 22, 24, 25, 26, 27, 28, 29, 30, 31, 33, 34, 35, 36, 37, 39, 40, 41, 48, 49, 51, 54, 55, 56, 57, 58, 59, 62, 64, 67, 68, 69, 71, 72, 73, 74, 76, 77, 78, 79, 85, 86, 87, 88, 90, 91, 92, 93, 94, 95, 96, 97, 101, 102, 103, 104, 105, 107, 109, 110, 111, 113, 114, 116, 118, 119, 121, 123, 124, 126, 127, 129, 131, 132, 134, 137, 138, 140, 142, 143, 144, 145, 146, 147, 148, 149, 150, 153, 154, 156, 157, 158, 159, 160, 161, 162, 165, 166, 167, 168, 169, 171, 172, 174, 175, 176, 179, 181, 182, 184, 185, 187, 188, 190, 192, 193, 195, 196, 197, 198, 199
95: 1, 3, 4, 5, 6, 7, 8, 9, 10, 12, 13, 14, 16, 17, 18, 19, 20, 21, 22, 24, 26, 27, 28, 29, 30, 31, 32, 33, 34, 35, 36, 37, 39, 40, 41, 42, 43, 44, 46, 47, 48, 49, 53, 54, 55, 56, 57, 60, 61, 62, 63, 64, 67, 68, 69, 70, 71, 72, 73, 78, 79, 81, 83, 85, 86, 87, 90, 91, 92, 93, 94, 95, 96, 101, 103, 104, 105, 106, 107, 108, 110, 111, 112, 114, 115, 116, 118, 119, 121, 122, 123, 124, 126, 127, 128, 129, 130, 131, 132, 134, 137, 138, 139, 140, 143, 144, 145, 146, 147, 148, 149, 151, 153, 154, 157, 158, 159, 160, 161, 162, 165, 166, 167, 168, 169, 171, 172, 174, 175, 176, 178, 181, 182, 184, 187, 188, 190, 192, 193, 195, 196, 197, 198
96: 0, 2, 4, 9, 12, 13, 14, 15, 16, 17, 21, 22, 23, 24, 25, 27, 30, 31, 32, 34, 36, 38, 39, 41, 42, 44, 45, 47, 49, 50, 51, 52, 53, 54, 55, 56, 58, 59, 60, 61, 62, 63, 64, 65, 66, 67, 68, 69, 73, 75, 76, 77, 78, 79, 81, 82, 85, 86, 87, 88, 92, 94, 95, 96, 97, 98, 99, 101, 102, 103, 104, 105, 106, 107, 110, 112, 115, 116, 117, 119, 120, 121, 122, 124, 126, 127, 128, 129, 130, 131, 132, 133, 134, 136, 137, 138, 139, 140, 142, 143, 144, 146, 148, 150, 152, 154, 156, 157, 158, 159, 162, 163, 164, 165, 166, 168, 169, 170, 173, 176, 177, 178, 179, 180, 182, 183, 184, 185, 186, 190, 191, 192, 193, 194, 196, 199
97: 0, 2, 4, 6, 9, 14, 15, 18, 22, 23, 24, 25, 27, 30, 31, 34, 42, 44, 46, 51, 55, 63, 67, 70, 71, 74, 75, 76, 77, 79, 84, 88, 89, 92, 94, 96, 97, 103, 104, 105, 107, 109, 110, 113, 115, 117, 121, 124, 131, 132, 133, 134, 136, 140, 142, 143, 146, 148, 150, 152, 158, 162, 163, 164, 165, 166, 173, 174, 177, 179, 180, 182, 183, 192, 193, 194, 195, 196, 198, 199
98: 0, 1, 2, 12, 13, 15, 17, 18, 24, 27, 30, 32, 36, 38, 39, 42, 43, 44, 45, 46, 47, 48, 49, 50, 51, 52, 53, 58, 60, 61, 62, 63, 64, 66, 70, 71, 73, 75, 81, 82, 85, 86, 87, 92, 93, 96, 98, 99, 101, 103, 104, 106, 110, 112, 115, 116, 117, 118, 120, 122, 124, 125, 126, 128, 129, 130, 131, 133, 138, 139, 143, 144, 146, 152, 160, 161, 162, 165, 170, 173, 176, 177, 178, 183, 186, 190, 191, 195, 198
99: 0, 2, 4, 5, 13, 14, 15, 16, 21, 22, 23, 25, 28, 30, 31, 32, 36, 38, 43, 45, 47, 49, 51, 53, 58, 60, 65, 66, 68, 69, 74, 75, 77, 79, 82, 85, 88, 89, 90, 91, 92, 93, 96, 98, 99, 101, 103, 104, 105, 106, 110, 113, 115, 116, 117, 120, 121, 124, 127, 129, 131, 132, 136, 138, 139, 142, 143, 148, 150, 152, 154, 157, 158, 163, 164, 165, 166, 169, 170, 171, 173, 174, 176, 177, 178, 179, 182, 183, 185, 188, 191, 192, 193, 194, 196, 197, 199
100: 13, 20, 25, 32, 76, 78, 82, 83, 89, 92, 100, 106, 108, 110, 114, 116, 121, 133, 134, 186
101: 1, 3, 5, 6, 7, 10, 12, 13, 14, 16, 17, 18, 19, 20, 21, 24, 26, 28, 29, 30, 32, 35, 37, 39, 40, 41, 42, 43, 44, 46, 47, 48, 49, 53, 54, 55, 56, 57, 58, 60, 61, 62, 64, 66, 67, 68, 71, 72, 73, 78, 79, 81, 82, 83, 85, 86, 87, 91, 92, 93, 94, 95, 96, 98, 99, 101, 102, 104, 106, 108, 112, 114, 115, 116, 117, 118, 119, 122, 123, 124, 125, 126, 127, 128, 129, 130, 131, 132, 134, 136, 137, 138, 139, 144, 145, 147, 148, 149, 150, 153, 155, 156, 157, 159, 160, 161, 165, 166, 167, 168, 169, 171, 172, 173, 174, 175, 176, 177, 178, 181, 182, 184, 185, 187, 188, 190, 193, 195, 197, 198
102: 2, 6, 8, 14, 16, 22, 28, 33, 39, 51, 54, 55, 58, 59, 64, 66, 67, 68, 73, 76, 77, 78, 79, 85, 94, 96, 101, 102, 105, 107, 113, 116, 119, 121, 127, 131, 132, 134, 136, 138, 142, 143, 147, 148, 156, 157, 163, 165, 169, 179, 184, 185, 188, 190, 193, 194, 196, 199
103: 0, 2, 4, 5, 12, 13, 14, 16, 17, 22, 23, 27, 28, 30, 31, 32, 36, 37, 38, 41, 42, 43, 44, 45, 47, 49, 50, 51, 53, 56, 57, 60, 62, 63, 64, 65, 66, 67, 68, 69, 70, 71, 73, 74, 75, 76, 77, 79, 80, 82, 85, 86, 87, 88, 89, 91, 92, 94, 95, 96, 97, 98, 99, 103, 104, 105, 106, 107, 110, 112, 115, 116, 117, 122, 124, 126, 127, 128, 129, 130, 131, 132, 133, 134, 136, 137, 138, 139, 140, 142, 143, 146, 147, 148, 150, 154, 156, 157, 158, 161, 162, 164, 165, 166, 170, 171, 172, 173, 174, 176, 177, 178, 179, 181, 182, 183, 186, 188, 190, 191, 192, 193, 195, 196, 197, 198, 199
104: 0, 1, 2, 3, 4, 5, 6, 7, 9, 10, 12, 13, 14, 16, 17, 18, 19, 21, 22, 24, 26, 27, 28, 30, 31, 32, 34, 36, 37, 39, 40, 41, 42, 43, 44, 45, 46, 47, 48, 49, 51, 53, 54, 55, 56, 57, 62, 63, 64, 67, 68, 69, 71, 72, 73, 75, 76, 77, 79, 80, 85, 86, 87, 88, 91, 92, 93, 94, 95, 96, 97, 98, 99, 101, 103, 104, 105, 106, 107, 108, 110, 113, 114, 115, 116, 118, 119, 121, 122, 123, 124, 126, 127, 128, 129, 130, 131, 132, 133, 134, 136, 137, 138, 139, 140, 142, 143, 144, 145, 146, 147, 148, 149, 150, 153, 154, 157, 158, 159, 160, 161, 162, 164, 165, 166, 169, 171, 172, 173, 175, 176, 177, 178, 179, 181, 182, 183, 184, 186, 187, 188, 190, 191, 192, 195, 196, 197, 198
105: 0, 1, 2, 3, 4, 6, 7, 8, 9, 12, 13, 14, 16, 17, 21, 22, 25, 27, 28, 30, 31, 32, 33, 34, 36, 37, 40, 41, 43, 48, 49, 51, 54, 55, 56, 57, 67, 68, 69, 74, 76, 77, 79, 80, 85, 87, 88, 90, 91, 92, 93, 94, 95, 96, 97, 99, 102, 103, 104, 105, 106, 107, 110, 113, 115, 118, 119, 121, 123, 124, 127, 131, 132, 133, 134, 136, 137, 140, 142, 143, 144, 145, 146, 147, 148, 149, 150, 152, 154, 157, 158, 159, 161, 164, 165, 166, 171, 172, 173, 176, 177, 179, 181, 182, 183, 184, 185, 187, 188, 191, 192, 193, 194, 196, 197, 199
106: 0, 1, 2, 3, 4, 5, 7, 10, 12, 13, 14, 15, 17, 18, 21, 22, 24, 25, 26, 27, 30, 32, 36, 37, 38, 39, 40, 41, 42, 43, 44, 45, 46, 47, 48, 49, 50, 51, 52, 53, 54, 55, 56, 57, 58, 60, 61, 62, 63, 64, 66, 67, 68, 71, 73, 77, 78, 79, 81, 82, 85, 86, 87, 91, 92, 93, 95, 96, 98, 99, 100, 101, 103, 104, 105, 106, 110, 112, 115, 116, 117, 118, 120, 121, 122, 124, 126, 127, 128, 129, 130, 131, 132, 133, 134, 136, 137, 138, 139, 140, 142, 143, 144, 145, 146, 148, 149, 150, 152, 153, 159, 160, 161, 163, 164, 165, 166, 168, 169, 170, 172, 173, 176, 177, 178, 179, 181, 182, 185, 186, 187, 190, 191, 193, 194, 195, 196, 197, 198, 199
107: 0, 2, 3, 4, 6, 7, 8, 9, 12, 13, 14, 16, 17, 21, 22, 23, 25, 27, 28, 29, 30, 31, 33, 34, 35, 36, 37, 41, 43, 49, 51, 56, 57, 66, 67, 69, 74, 75, 76, 77, 80, 87, 88, 90, 92, 94, 95, 96, 97, 102, 103, 104, 105, 107, 110, 113, 115, 119, 121, 123, 124, 127, 131, 132, 137, 140, 142, 143, 144, 145, 146, 147, 149, 150, 154, 157, 158, 159, 163, 165, 166, 169, 172, 176, 177, 179, 181, 182, 184, 187, 188, 192, 193, 194, 196, 197, 199
108: 1, 3, 5, 7, 8, 9, 10, 11, 12, 13, 17, 18, 19, 20, 21, 24, 26, 29, 30, 34, 35, 37, 40, 41, 42, 43, 46, 48, 49, 56, 57, 64, 67, 71, 72, 78, 80, 83, 87, 91, 92, 93, 95, 100, 101, 104, 108, 111, 114, 118, 123, 124, 129, 132, 134, 137, 141, 144, 145, 149, 153, 155, 159, 160, 161, 172, 175, 176, 181, 182, 187, 190, 195, 197, 198
109: 2, 5, 6, 14, 15, 18, 23, 24, 25, 42, 46, 55, 58, 59, 60, 63, 68, 70, 73, 83, 84, 85, 88, 94, 97, 109, 112, 116, 117, 131, 132, 133, 134, 138, 144, 146, 148, 150, 151, 152, 162, 167, 174, 177, 180, 183, 185, 193, 195, 198, 199
110: 0, 1, 2, 3, 4, 5, 7, 9, 10, 12, 13, 14, 15, 16, 17, 18, 21, 22, 23, 24, 25, 26, 27, 30, 31, 32, 34, 36, 37, 39, 40, 41, 42, 43, 44, 45, 46, 47, 48, 49, 51, 53, 54, 55, 56, 57, 62, 63, 64, 66, 67, 68, 69, 70, 71, 73, 75, 76, 77, 79, 80, 85, 86, 87, 88, 89, 91, 92, 93, 94, 95, 96, 97, 98, 99, 100, 103, 104, 105, 106, 107, 110, 115, 116, 117, 118, 119, 122, 123, 124, 126, 127, 129, 130, 131, 132, 133, 134, 136, 137, 138, 139, 140, 142, 143, 144, 145, 146, 148, 149, 150, 151, 153, 154, 157, 158, 159, 161, 162, 164, 165, 166, 172, 173, 174, 176, 177, 178, 179, 180, 181, 182, 183, 184, 187, 190, 191, 192, 195, 196, 197, 198, 199
111: 3, 7, 8, 9, 10, 11, 12, 19, 20, 21, 34, 35, 37, 41, 48, 55, 67, 72, 78, 83, 84, 94, 95, 108, 111, 114, 123, 127, 132, 137, 141, 145, 149, 153, 159, 172
112: 1, 3, 5, 7, 12, 13, 14, 17, 18, 21, 24, 26, 32, 37, 38, 39, 42, 44, 45, 46, 47, 48, 50, 53, 54, 55, 56, 57, 58, 59, 60, 61, 62, 63, 64, 67, 68, 70, 71, 73, 78, 79, 81, 82, 85, 86, 87, 91, 93, 95, 96, 98, 101, 103, 106, 109, 112, 116, 117, 118, 122, 125, 126, 128, 129, 130, 131, 132, 134, 137, 138, 139, 144, 148, 149, 152, 156, 159, 160, 161, 162, 165, 168, 169, 170, 171, 172, 173, 174, 175, 178, 181, 186, 187, 190, 195, 197, 198
113: 3, 4, 6, 7, 13, 16, 22, 25, 27, 28, 30, 31, 33, 34, 36, 43, 49, 51, 67, 69, 74, 76, 80, 91, 92, 94, 97, 99, 102, 104, 105, 107, 113, 118, 121, 124, 131, 132, 140, 142, 144, 145, 149, 150, 154, 157, 158, 163, 165, 166, 171, 176, 179, 182, 184, 185, 187, 188, 192, 194, 196, 197
114: 1, 3, 4, 6, 7, 9, 10, 12, 13, 14, 17, 19, 20, 21, 24, 26, 30, 36, 37, 40, 43, 48, 49, 56, 57, 62, 64, 67, 68, 72, 78, 83, 85, 87, 91, 92, 93, 94, 95, 100, 101, 104, 108, 111, 114, 116, 118, 119, 123, 124, 126, 127, 129, 132, 134, 137, 141, 144, 145, 148, 149, 153, 155, 157, 159, 160, 161, 166, 171, 172, 175, 176, 181, 182, 184, 187, 190, 195, 197
115: 0, 1, 2, 3, 4, 5, 7, 9, 10, 12, 13, 14, 15, 16, 17, 18, 21, 22, 23, 24, 25, 26, 27, 30, 31, 32, 34, 35, 36, 37, 39, 41, 42, 43, 44, 45, 46, 47, 48, 49, 51, 52, 53, 54, 55, 56, 57, 61, 63, 64, 66, 67, 68, 69, 70, 71, 75, 76, 77, 78, 79, 80, 82, 83, 85, 86, 87, 88, 89, 92, 93, 95, 96, 97, 98, 99, 101, 103, 104, 105, 106, 107, 110, 115, 116, 117, 118, 119, 120, 122, 123, 124, 126, 127, 129, 130, 131, 132, 133, 134, 136, 137, 139, 140, 143, 144, 145, 146, 148, 149, 150, 151, 152, 153, 154, 157, 158, 159, 160, 161, 162, 164, 165, 166, 169, 171, 172, 173, 174, 176, 177, 178, 180, 181, 182, 183, 188, 190, 191, 192, 195, 197, 198
116: 1, 2, 3, 4, 5, 6, 7, 10, 12, 13, 14, 16, 17, 18, 21, 22, 24, 25, 26, 28, 30, 32, 36, 37, 38, 39, 40, 42, 43, 44, 45, 46, 47, 48, 49, 51, 53, 54, 55, 56, 57, 58, 59, 60, 61, 62, 63, 64, 66, 67, 68, 70, 71, 73, 77, 78, 79, 81, 85, 86, 87, 91, 92, 93, 94, 95, 96, 98, 99, 100, 101, 102, 103, 104, 106, 109, 110, 112, 114, 115, 116, 117, 118, 119, 122, 123, 124, 125, 126, 127, 128, 129, 130, 131, 132, 133, 134, 136, 137, 138, 139, 142, 143, 144, 145, 146, 148, 149, 152, 153, 155, 157, 159, 160, 161, 162, 165, 166, 168, 169, 171, 172, 174, 175, 176, 178, 179, 181, 184, 185, 187, 188, 190, 191, 193, 194, 195, 197, 198, 199
117: 0, 2, 13, 14, 15, 18, 23, 25, 30, 32, 36, 38, 42, 43, 44, 45, 46, 47, 49, 50, 51, 52, 53, 54, 55, 58, 60, 62, 63, 64, 65, 66, 69, 73, 74, 75, 77, 78, 79, 81, 82, 86, 88, 92, 96, 97, 98, 99, 101, 103, 106, 109, 110, 112, 115, 116, 117, 120, 122, 124, 125, 126, 128, 129, 130, 131, 136, 139, 143, 146, 152, 156, 163, 164, 165, 166, 169, 170, 173, 174, 176, 177, 178, 180, 182, 183, 186, 190, 191, 192, 194, 195, 199
118: 1, 3, 4, 5, 6, 7, 10, 12, 13, 14, 16, 17, 18, 19, 20, 21, 22, 24, 26, 27, 28, 29, 30, 31, 32, 34, 35, 36, 37, 39, 40, 41, 42, 43, 44, 45, 46, 47, 48, 49, 53, 54, 55, 56, 57, 58, 60, 61, 62, 63, 64, 67, 68, 69, 70, 71, 72, 73, 78, 79, 81, 83, 85, 86, 87, 91, 92, 93, 94, 95, 98, 101, 104, 105, 106, 108, 110, 112, 113, 114, 115, 116, 118, 119, 121, 122, 123, 124, 126, 127, 128, 129, 132, 134, 137, 138, 139, 140, 144, 145, 147, 148, 149, 153, 157, 159, 160, 161, 162, 166, 167, 169, 171, 172, 174, 175, 176, 178, 181, 182, 184, 187, 188, 190, 192, 193, 195, 196, 197, 198
119: 0, 1, 3, 4, 6, 7, 8, 9, 10, 11, 12, 13, 14, 15, 16, 17, 21, 22, 23, 24, 25, 26, 27, 28, 29, 30, 31, 32, 33, 34, 35, 36, 37, 39, 40, 41, 43, 48, 49, 54, 55, 56, 57, 64, 66, 67, 68, 69, 71, 72, 73, 74, 75, 77, 79, 85, 86, 87, 90, 91, 92, 93, 94, 95, 96, 101, 102, 104, 105, 107, 110, 114, 115, 116, 118, 119, 121, 122, 123, 124, 126, 127, 129, 132, 134, 136, 137, 140, 141, 144, 145, 147, 148, 149, 150, 151, 153, 154, 156, 157, 158, 159, 160, 161, 162, 165, 166, 167, 169, 171, 172, 174, 175, 176, 177, 180, 181, 182, 183, 184, 187, 188, 190, 192, 193, 195, 196, 197, 198
120: 0, 2, 32, 42, 44, 45, 47, 49, 50, 52, 53, 54, 58, 63, 66, 73, 75, 77, 82, 86, 96, 98, 99, 106, 115, 117, 120, 122, 126, 128, 130, 131, 136, 139, 152, 155, 170, 173, 178, 180, 183, 199
121: 2, 3, 4, 6, 7, 8, 9, 12, 13, 15, 17, 21, 22, 25, 27, 28, 29, 30, 31, 32, 33, 34, 35, 36, 37, 43, 49, 51, 66, 67, 69, 74, 76, 77, 91, 92, 94, 95, 96, 97, 99, 100, 102, 104, 105, 106, 107, 113, 118, 119, 121, 124, 131, 132, 137, 140, 142, 143, 144, 145, 147, 149, 150, 154, 157, 158, 159, 163, 166, 167, 169, 171, 176, 177, 179, 182, 184, 185, 187, 188, 192, 194, 196, 197
122: 0, 1, 2, 3, 4, 5, 7, 12, 13, 14, 17, 18, 21, 24, 26, 30, 32, 37, 38, 39, 42, 44, 45, 46, 47, 48, 49, 50, 52, 53, 54, 55, 56, 57, 58, 60, 61, 62, 63, 64, 67, 68, 70, 71, 72, 73, 75, 78, 79, 81, 82, 85, 86, 87, 91, 92, 93, 95, 96, 98, 101, 103, 104, 106, 110, 112, 115, 116, 117, 118, 119, 120, 122, 126, 127, 128, 129, 130, 131, 132, 134, 137, 138, 139, 144, 145, 146, 148, 149, 155, 156, 157, 159, 160, 161, 162, 164, 165, 168, 169, 170, 172, 173, 174, 175, 176, 178, 181, 182, 186, 190, 191, 193, 195, 197, 198
123: 1, 3, 5, 6, 7, 8, 10, 11, 12, 13, 14, 16, 17, 18, 19, 20, 21, 22, 24, 26, 28, 29, 30, 33, 34, 35, 37, 39, 40, 41, 42, 43, 46, 48, 49, 54, 55, 56, 57, 61, 62, 63, 64, 67, 71, 72, 78, 79, 80, 83, 85, 86, 87, 91, 92, 93, 94, 95, 101, 104, 105, 107, 108, 110, 111, 114, 115, 116, 118, 119, 123, 124, 126, 127, 129, 132, 134, 137, 140, 141, 144, 145, 147, 148, 149, 150, 153, 157, 159, 160, 161, 162, 166, 167, 169, 171, 172, 174, 175, 176, 181, 182, 184, 187, 188, 190, 195, 197, 198
124: 1, 2, 3, 4, 5, 6, 7, 9, 10, 12, 13, 14, 15, 16, 17, 18, 21, 22, 24, 25, 26, 27, 28, 30, 31, 32, 34, 36, 37, 39, 40, 41, 42, 43, 44, 45, 46, 47, 48, 49, 51, 53, 54, 55, 56, 57, 62, 63, 64, 66, 67, 68, 69, 71, 72, 73, 74, 76, 77, 80, 85, 86, 87, 89, 91, 92, 93, 94, 95, 96, 97, 98, 99, 101, 103, 104, 105, 106, 107, 108, 110, 113, 114, 115, 116, 117, 118, 119, 121, 123, 124, 126, 127, 129, 130, 131, 132, 133, 134, 136, 137, 138, 139, 140, 142, 143, 144, 145, 146, 147, 148, 149, 150, 153, 154, 157, 158, 159, 160, 161, 162, 164, 165, 166, 169, 171, 172, 175, 176, 177, 178, 179, 181, 182, 183, 184, 186, 187, 188, 190, 191, 192, 193, 195, 196, 197, 198, 199
125: 18, 44, 52, 54, 58, 59, 61, 62, 65, 73, 78, 81, 82, 83, 98, 101, 112, 116, 117, 125, 126, 128, 130, 155, 186
126: 0, 1, 2, 3, 5, 7, 10, 12, 13, 14, 17, 18, 21, 24, 26, 30, 32, 37, 38, 39, 40, 42, 43, 44, 45, 46, 47, 48, 49, 50, 52, 53, 54, 55, 56, 57, 58, 59, 60, 61, 62, 63, 64, 67, 68, 70, 71, 72, 73, 75, 78, 79, 81, 82, 83, 85, 86, 87, 91, 92, 93, 94, 95, 96, 98, 101, 103, 104, 106, 110, 112, 114, 115, 116, 117, 118, 119, 120, 122, 123, 124, 125, 126, 127, 128, 129, 130, 131, 132, 134, 137, 138, 139, 143, 144, 145, 146, 148, 149, 152, 153, 155, 156, 157, 159, 160, 161, 162, 164, 165, 168, 169, 171, 172, 173, 174, 175, 176, 178, 181, 182, 186, 187, 190, 191, 193, 195, 197, 198
127: 0, 1, 2, 3, 6, 7, 10, 12, 13, 14, 16, 17, 18, 21, 22, 24, 26, 28, 30, 32, 33, 37, 39, 40, 43, 44, 48, 49, 51, 53, 54, 55, 56, 57, 58, 59, 60, 61, 62, 64, 67, 68, 71, 73, 75, 78, 79, 81, 83, 85, 86, 87, 91, 92, 93, 94, 95, 96, 99, 101, 102, 103, 104, 105, 106, 107, 110, 111, 114, 115, 116, 118, 119, 122, 123, 124, 126, 127, 128, 129, 131, 132, 134, 136, 137, 138, 139, 140, 142, 143, 144, 145, 147, 148, 149, 150, 153, 155, 156, 157, 159, 160, 161, 162, 165, 166, 168, 169, 171, 172, 175, 176, 178, 179, 181, 182, 184, 185, 187, 188, 190, 191, 192, 193, 195, 197, 198, 199
128: 1, 3, 5, 7, 10, 12, 13, 17, 18, 21, 24, 26, 32, 37, 38, 39, 42, 44, 45, 46, 47, 48, 50, 52, 53, 54, 55, 56, 57, 58, 59, 60, 61, 62, 63, 64, 67, 68, 70, 71, 73, 78, 79, 81, 82, 83, 85, 86, 87, 91, 92, 93, 95, 96, 98, 101, 103, 104, 106, 112, 116, 117, 118, 120, 122, 125, 126, 127, 128, 129, 130, 131, 132, 137, 138, 139, 144, 145, 148, 149, 152, 156, 159, 160, 161, 162, 165, 168, 169, 172, 173, 175, 176, 178, 181, 186, 190, 195, 197, 198
129: 0, 1, 3, 4, 5, 7, 10, 12, 13, 14, 16, 17, 18, 19, 21, 24, 26, 28, 30, 32, 36, 37, 39, 40, 42, 43, 44, 45, 46, 47, 48, 49, 53, 54, 55, 56, 57, 58, 60, 61, 62, 63, 64, 67, 68, 70, 71, 72, 73, 78, 79, 81, 85, 86, 87, 91, 92, 93, 94, 95, 96, 98, 99, 101, 103, 104, 106, 108, 110, 112, 114, 115, 116, 117, 118, 119, 122, 123, 124, 126, 127, 128, 129, 130, 131, 132, 134, 137, 138, 139, 144, 145, 148, 149, 153, 155, 157, 159, 160, 161, 162, 165, 166, 168, 169, 171, 172, 174, 175, 176, 178, 181, 182, 184, 185, 186, 187, 188, 190, 191, 193, 195, 197, 198
130: 0, 2, 12, 13, 17, 18, 30, 32, 37, 38, 39, 41, 42, 43, 44, 45, 46, 47, 49, 50, 52, 53, 54, 57, 60, 62, 63, 64, 73, 75, 81, 82, 86, 92, 95, 96, 98, 101, 103, 104, 106, 110, 112, 115, 116, 117, 120, 122, 124, 125, 126, 128, 129, 130, 131, 139, 143, 146, 152, 156, 165, 168, 170, 172, 173, 175, 176, 178, 181, 182, 186, 190, 191, 195, 198, 199
131: 0, 2, 4, 6, 9, 13, 14, 15, 17, 21, 22, 23, 24, 25, 27, 30, 31, 32, 36, 38, 39, 42, 44, 45, 47, 49, 50, 51, 52, 53, 54, 55, 58, 59, 60, 61, 62, 63, 64, 65, 66, 67, 68, 69, 73, 75, 76, 77, 78, 79, 81, 82, 85, 86, 88, 92, 94, 95, 96, 97, 98, 99, 101, 102, 103, 104, 105, 106, 107, 109, 110, 112, 113, 115, 116, 117, 120, 121, 122, 124, 126, 127, 128, 129, 130, 131, 132, 133, 134, 136, 138, 139, 140, 142, 143, 146, 148, 150, 152, 154, 156, 158, 163, 164, 165, 166, 168, 169, 170, 173, 174, 176, 177, 178, 179, 182, 183, 185, 186, 189, 190, 191, 192, 193, 194, 196, 199
132: 0, 1, 2, 3, 4, 5, 6, 7, 8, 9, 10, 11, 12, 13, 14, 16, 17, 18, 19, 20, 21, 22, 24, 25, 26, 27, 28, 29, 30, 31, 32, 33, 34, 35, 36, 37, 39, 40, 41, 42, 43, 46, 48, 49, 54, 55, 56, 57, 58, 60, 61, 62, 63, 64, 67, 68, 69, 70, 71, 72, 73, 74, 78, 79, 81, 83, 85, 86, 87, 90, 91, 92, 93, 94, 95, 96, 97, 99, 101, 102, 103, 104, 105, 106, 107, 108, 109, 110, 111, 112, 113, 114, 115, 116, 118, 119, 121, 122, 123, 124, 126, 127, 128, 129, 131, 132, 134, 137, 138, 140, 141, 144, 145, 146, 147, 148, 149, 150, 151, 153, 154, 155, 156, 157, 158, 159, 160, 161, 162, 165, 166, 167, 169, 171, 172, 174, 175, 176, 177, 181, 182, 184, 185, 187, 188, 190, 192, 193, 195, 196, 197, 198
133: 2, 4, 5, 15, 18, 22, 23, 24, 25, 30, 42, 44, 45, 46, 51, 53, 55, 63, 68, 70, 71, 76, 84, 85, 88, 92, 96, 97, 98, 100, 103, 104, 105, 106, 109, 110, 115, 116, 124, 131, 133, 134, 136, 140, 142, 143, 146, 148, 150, 152, 162, 164, 174, 177, 179, 180, 183, 195, 196, 198, 199
134: 1, 2, 3, 4, 5, 6, 7, 8, 10, 11, 12, 13, 14, 15, 16, 17, 18, 21, 22, 23, 24, 25, 26, 27, 28, 29, 30, 31, 32, 33, 34, 35, 36, 37, 39, 40, 41, 42, 44, 46, 48, 49, 51, 53, 54, 55, 56, 57, 58, 60, 61, 62, 63, 64, 67, 68, 70, 71, 73, 76, 78, 79, 81, 83, 84, 85, 86, 87, 88, 89, 91, 92, 93, 94, 95, 96, 97, 100, 101, 102, 103, 104, 105, 106, 108, 109, 110, 112, 114, 115, 116, 118, 119, 122, 123, 124, 126, 127, 129, 131, 132, 133, 134, 137, 138, 139, 140, 143, 144, 145, 146, 147, 148, 149, 150, 151, 153, 157, 159, 160, 161, 162, 164, 165, 166, 168, 169, 171, 172, 174, 175, 176, 177, 178, 179, 181, 182, 183, 184, 185, 187, 188, 190, 192, 193, 195, 196, 197, 198
135: 8, 11, 23, 29, 31, 34, 41, 69, 74, 80, 88, 135, 147, 158, 164, 192
136: 0, 2, 4, 5, 13, 14, 16, 22, 23, 25, 28, 30, 31, 32, 36, 38, 44, 45, 47, 49, 50, 51, 53, 54, 60, 64, 65, 66, 67, 69, 74, 75, 76, 77, 79, 80, 82, 85, 86, 88, 89, 90, 91, 96, 97, 99, 101, 102, 103, 104, 105, 106, 110, 115, 116, 117, 119, 120, 124, 127, 131, 133, 136, 139, 140, 142, 143, 147, 148, 150, 152, 154, 157, 158, 164, 165, 166, 169, 170, 171, 173, 174, 178, 179, 180, 182, 183, 188, 190, 191, 192, 193, 194, 196, 197, 199
137: 1, 3, 4, 5, 6, 7, 8, 9, 10, 11, 12, 13, 14, 16, 17, 18, 19, 20, 21, 22, 24, 26, 27, 28, 30, 31, 32, 33, 34, 35, 36, 37, 39, 40, 41, 42, 43, 44, 46, 48, 49, 53, 54, 55, 56, 57, 60, 61, 62, 63, 64, 67, 68, 69, 70, 71, 72, 73, 76, 78, 79, 81, 83, 85, 86, 87, 90, 91, 92, 93, 94, 95, 96, 101, 103, 104, 105, 106, 107, 108, 110, 111, 112, 114, 115, 116, 118, 119, 121, 122, 123, 124, 126, 127, 128, 129, 132, 134, 137, 138, 139, 140, 143, 144, 145, 146, 147, 148, 149, 150, 153, 154, 157, 158, 159, 160, 161, 162, 165, 166, 168, 169, 171, 172, 174, 175, 176, 178, 179, 181, 182, 184, 187, 188, 190, 192, 193, 195, 196, 197, 198
138: 1, 2, 3, 5, 7, 12, 13, 14, 17, 18, 21, 24, 25, 26, 32, 36, 37, 38, 39, 40, 44, 45, 46, 48, 53, 54, 55, 56, 57, 58, 60, 61, 62, 64, 67, 68, 70, 71, 73, 78, 79, 81, 85, 86, 87, 91, 92, 93, 94, 95, 96, 98, 99, 101, 102, 103, 104, 106, 109, 110, 112, 116, 118, 122, 124, 126, 127, 128, 129, 131, 132, 134, 137, 138, 139, 143, 144, 145, 148, 149, 153, 155, 159, 160, 161, 162, 165, 168, 169, 171, 172, 174, 178, 179, 181, 185, 187, 188, 190, 191, 193, 195, 197, 198
139: 0, 1, 3, 4, 5, 7, 12, 13, 17, 21, 24, 26, 27, 30, 32, 36, 37, 38, 39, 40, 41, 42, 43, 44, 45, 46, 47, 48, 49, 50, 51, 52, 53, 54, 56, 57, 60, 61, 62, 63, 64, 66, 68, 70, 71, 73, 77, 79, 82, 85, 86, 87, 92, 93, 95, 96, 98, 99, 101, 103, 104, 106, 110, 112, 115, 116, 117, 118, 120, 122, 124, 126, 127, 128, 129, 130, 131, 134, 136, 137, 138, 139, 140, 143, 144, 145, 146, 148, 160, 161, 164, 165, 168, 169, 172, 173, 176, 177, 178, 181, 182, 183, 187, 190, 191, 192, 195, 197, 198
140: 0, 1, 2, 3, 4, 6, 7, 9, 12, 13, 14, 16, 17, 21, 22, 25, 27, 28, 30, 31, 32, 33, 34, 36, 37, 40, 41, 43, 48, 49, 51, 54, 55, 56, 57, 58, 59, 67, 68, 69, 74, 76, 77, 80, 85, 87, 88, 90, 91, 92, 93, 94, 95, 96, 97, 103, 104, 105, 106, 107, 110, 113, 115, 118, 119, 121, 123, 124, 127, 131, 132, 133, 134, 136, 137, 139, 140, 142, 143, 144, 145, 146, 147, 148, 149, 150, 152, 154, 157, 158, 159, 160, 161, 164, 165, 166, 169, 171, 172, 173, 176, 177, 179, 181, 182, 183, 184, 185, 187, 188, 192, 193, 194, 196, 197, 199
141: 6, 8, 10, 11, 16, 19, 20, 28, 29, 35, 69, 72, 83, 89, 91, 108, 111, 114, 119, 123, 132, 141, 147, 153, 157, 158, 167, 171, 184, 188, 197
142: 2, 4, 14, 16, 22, 23, 25, 30, 31, 32, 33, 51, 53, 54, 58, 59, 66, 67, 68, 69, 75, 76, 77, 79, 85, 88, 94, 96, 97, 99, 102, 103, 104, 105, 106, 107, 110, 113, 116, 121, 124, 127, 131, 133, 136, 140, 142, 143, 146, 148, 150, 152, 154, 157, 158, 163, 164, 165, 169, 173, 178, 179, 182, 183, 185, 189, 192, 193, 194, 196, 199
143: 0, 2, 4, 9, 13, 14, 17, 22, 25, 27, 30, 31, 32, 34, 36, 38, 39, 42, 44, 47, 51, 53, 54, 58, 61, 62, 63, 64, 66, 67, 68, 73, 76, 77, 79, 85, 86, 87, 88, 92, 94, 95, 96, 97, 98, 99, 102, 103, 104, 105, 106, 107, 110, 115, 116, 117, 121, 124, 126, 127, 130, 131, 133, 134, 136, 137, 138, 139, 140, 142, 143, 144, 146, 148, 150, 152, 158, 163, 164, 165, 168, 169, 173, 176, 177, 178, 179, 182, 183, 185, 187, 190, 191, 192, 193, 194, 196, 199
144: 1, 3, 4, 5, 6, 7, 9, 10, 12, 13, 14, 16, 17, 18, 19, 20, 21, 22, 24, 25, 26, 27, 28, 29, 30, 31, 32, 33, 34, 35, 36, 37, 39, 40, 41, 42, 43, 44, 46, 47, 48, 49, 53, 54, 55, 56, 57, 58, 60, 61, 62, 63, 64, 67, 68, 69, 70, 71, 72, 73, 78, 79, 81, 85, 86, 87, 90, 91, 92, 93, 94, 95, 96, 98, 101, 104, 105, 106, 107, 108, 109, 110, 112, 113, 114, 115, 116, 118, 119, 121, 122, 123, 124, 126, 127, 128, 129, 132, 134, 137, 138, 139, 140, 143, 144, 145, 146, 147, 148, 149, 151, 153, 154, 157, 159, 160, 161, 162, 166, 167, 168, 169, 171, 172, 174, 175, 176, 177, 178, 181, 182, 184, 185, 187, 188, 190, 192, 193, 195, 196, 197, 198
145: 1, 3, 4, 5, 6, 7, 10, 12, 13, 14, 16, 17, 18, 19, 20, 21, 22, 24, 26, 27, 28, 30, 32, 33, 34, 35, 36, 37, 39, 40, 41, 42, 43, 44, 46, 47, 48, 49, 53, 54, 55, 56, 57, 60, 61, 62, 63, 64, 67, 68, 69, 70, 71, 72, 73, 78, 79, 81, 83, 85, 86, 87, 90, 91, 92, 93, 94, 95, 101, 104, 105, 106, 107, 108, 110, 111, 113, 114, 115, 116, 118, 119, 121, 122, 123, 124, 126, 127, 128, 129, 132, 134, 137, 138, 139, 140, 144, 145, 147, 148, 149, 150, 153, 154, 157, 159, 160, 161, 162, 166, 167, 169, 171, 172, 175, 176, 178, 181, 182, 184, 187, 188, 190, 192, 193, 195, 196, 197, 198
146: 0, 1, 2, 4, 5, 9, 10, 12, 13, 14, 15, 17, 18, 22, 23, 24, 25, 27, 30, 31, 32, 34, 36, 37, 38, 39, 41, 42, 43, 44, 45, 46, 47, 48, 49, 50, 51, 53, 55, 56, 57, 63, 67, 68, 69, 70, 71, 73, 74, 75, 76, 77, 79, 80, 83, 85, 87, 88, 89, 92, 94, 95, 96, 97, 98, 103, 104, 105, 106, 107, 109, 110, 115, 116, 117, 122, 124, 126, 130, 131, 132, 133, 134, 137, 139, 140, 142, 143, 144, 146, 148, 150, 152, 153, 158, 159, 162, 164, 165, 166, 173, 174, 175, 176, 177, 178, 179, 180, 182, 183, 187, 190, 191, 192, 195, 196, 198, 199
147: 1, 3, 4, 5, 6, 7, 8, 9, 10, 11, 12, 13, 14, 16, 17, 21, 22, 23, 26, 28, 29, 30, 31, 33, 35, 36, 37, 40, 41, 48, 49, 56, 57, 64, 66, 67, 69, 70, 72, 74, 77, 79, 80, 86, 87, 88, 90, 91, 93, 94, 95, 101, 102, 103, 104, 105, 107, 118, 119, 121, 123, 124, 127, 132, 134, 135, 136, 137, 140, 141, 144, 145, 147, 153, 154, 156, 157, 158, 159, 160, 161, 165, 166, 167, 169, 171, 172, 174, 176, 181, 182, 184, 187, 188, 190, 192, 196, 197
148: 1, 2, 3, 4, 5, 6, 7, 10, 12, 13, 14, 16, 17, 18, 21, 22, 24, 25, 26, 27, 28, 30, 32, 36, 37, 39, 40, 42, 44, 45, 46, 47, 48, 49, 51, 53, 54, 55, 56, 57, 58, 59, 60, 61, 62, 63, 64, 66, 67, 68, 70, 71, 73, 76, 78, 79, 81, 85, 86, 87, 91, 92, 93, 94, 95, 96, 97, 99, 101, 102, 103, 104, 105, 106, 109, 110, 112, 114, 115, 116, 118, 119, 122, 123, 124, 126, 127, 128, 129, 131, 132, 133, 134, 136, 137, 138, 139, 140, 142, 143, 144, 145, 146, 148, 149, 152, 153, 155, 157, 159, 160, 161, 162, 165, 168, 169, 171, 172, 174, 175, 176, 178, 179, 181, 182, 184, 185, 187, 188, 190, 191, 193, 194, 195, 196, 197, 198, 199
149: 1, 3, 4, 5, 6, 7, 10, 12, 13, 14, 16, 17, 18, 19, 20, 21, 22, 24, 26, 27, 28, 30, 32, 34, 35, 36, 37, 39, 40, 41, 42, 43, 46, 48, 49, 53, 54, 55, 56, 57, 58, 60, 61, 62, 63, 64, 67, 68, 69, 71, 72, 73, 78, 79, 81, 83, 85, 86, 87, 91, 92, 93, 94, 95, 101, 104, 105, 106, 107, 108, 110, 111, 112, 113, 114, 115, 116, 118, 119, 121, 122, 123, 124, 126, 127, 128, 129, 132, 134, 137, 138, 140, 144, 145, 148, 149, 153, 157, 159, 160, 161, 162, 166, 169, 171, 172, 174, 175, 176, 178, 181, 182, 184, 187, 188, 190, 192, 193, 195, 196, 197, 198
150: 2, 4, 6, 8, 9, 10, 11, 13, 14, 15, 16, 22, 23, 24, 25, 27, 30, 31, 32, 34, 35, 41, 42, 43, 48, 49, 51, 54, 55, 56, 63, 67, 69, 75, 76, 77, 79, 80, 88, 89, 92, 94, 96, 97, 99, 101, 103, 104, 105, 106, 107, 109, 110, 113, 115, 119, 121, 123, 124, 127, 131, 132, 133, 134, 136, 137, 140, 142, 143, 145, 146, 150, 153, 154, 157, 158, 159, 162, 164, 165, 166, 167, 169, 176, 177, 180, 182, 183, 184, 187, 190, 192, 193, 196, 199
151: 5, 12, 14, 15, 16, 17, 18, 21, 23, 24, 25, 28, 35, 42, 46, 48, 53, 55, 67, 71, 90, 95, 109, 110, 115, 119, 132, 134, 144, 151, 162, 166, 167, 169, 174, 177, 180, 183, 184, 188, 193, 198
152: 0, 2, 14, 15, 22, 23, 25, 32, 38, 42, 44, 50, 51, 52, 55, 58, 59, 60, 63, 65, 66, 68, 73, 75, 77, 82, 85, 88, 96, 97, 98, 99, 105, 106, 109, 112, 115, 116, 117, 120, 126, 128, 130, 131, 133, 136, 140, 142, 143, 146, 148, 152, 156, 163, 165, 168, 170, 173, 179, 183, 185, 186, 189, 191, 193, 194, 199
153: 1, 3, 5, 6, 7, 8, 10, 11, 12, 13, 16, 17, 18, 19, 20, 21, 24, 26, 27, 29, 30, 32, 34, 35, 36, 37, 39, 40, 41, 42, 43, 46, 48, 49, 54, 55, 56, 57, 62, 63, 64, 67, 70, 71, 72, 80, 83, 85, 86, 87, 91, 92, 93, 94, 95, 101, 104, 106, 108, 110, 111, 114, 115, 116, 118, 119, 123, 124, 126, 127, 129, 132, 134, 137, 138, 141, 144, 145, 146, 147, 148, 149, 150, 153, 157, 159, 160, 161, 162, 166, 167, 169, 171, 172, 174, 175, 176, 177, 181, 182, 184, 187, 188, 190, 195, 197, 198
154: 0, 1, 2, 4, 5, 8, 9, 11, 12, 13, 14, 16, 17, 21, 22, 23, 25, 26, 27, 28, 30, 31, 32, 36, 37, 41, 43, 48, 49, 51, 53, 56, 57, 66, 67, 69, 74, 75, 76, 77, 79, 80, 87, 88, 90, 91, 92, 93, 94, 95, 96, 99, 103, 104, 105, 107, 110, 113, 115, 119, 121, 124, 131, 132, 136, 137, 140, 142, 144, 145, 147, 150, 154, 157, 158, 159, 160, 161, 164, 165, 166, 171, 172, 174, 176, 178, 179, 180, 181, 182, 183, 184, 188, 192, 193, 196, 197, 199
155: 1, 14, 21, 37, 39, 45, 47, 48, 49, 52, 53, 54, 58, 60, 61, 62, 64, 65, 67, 68, 72, 73, 75, 78, 79, 81, 82, 83, 85, 86, 93, 101, 108, 114, 116, 120, 122, 125, 126, 127, 129, 132, 138, 148, 155, 159, 160, 169, 186, 190, 193
156: 0, 2, 6, 8, 14, 21, 35, 37, 39, 44, 54, 55, 56, 58, 59, 60, 62, 64, 67, 73, 75, 77, 79, 82, 86, 94, 96, 101, 102, 103, 112, 117, 119, 122, 126, 127, 128, 130, 131, 132, 147, 152, 156, 157, 159, 162, 165, 167, 168, 169, 170, 173, 184, 190, 195, 199
157: 1, 3, 4, 5, 6, 7, 8, 9, 11, 12, 13, 14, 16, 17, 21, 22, 23, 26, 27, 28, 29, 30, 31, 33, 35, 36, 37, 40, 41, 43, 48, 49, 54, 55, 56, 57, 60, 64, 66, 67, 68, 69, 70, 71, 73, 74, 76, 77, 79, 80, 85, 86, 87, 88, 90, 91, 92, 93, 94, 95, 96, 99, 101, 102, 103, 104, 105, 107, 110, 113, 114, 115, 116, 118, 119, 121, 122, 123, 124, 126, 127, 129, 132, 134, 136, 137, 140, 141, 142, 144, 145, 147, 148, 149, 150, 153, 154, 156, 157, 158, 159, 160, 161, 162, 164, 165, 166, 169, 171, 172, 174, 175, 176, 181, 182, 184, 187, 188, 190, 192, 193, 195, 196, 197, 198
158: 0, 2, 4, 6, 8, 9, 11, 12, 13, 15, 16, 17, 21, 22, 23, 25, 27, 28, 29, 30, 31, 32, 33, 34, 35, 36, 37, 41, 43, 49, 56, 57, 66, 67, 69, 74, 75, 76, 77, 79, 80, 87, 88, 90, 91, 92, 94, 95, 96, 97, 99, 103, 104, 105, 107, 110, 113, 115, 119, 121, 124, 131, 132, 135, 136, 137, 140, 141, 142, 143, 146, 147, 150, 154, 157, 158, 159, 161, 163, 164, 165, 166, 169, 171, 172, 176, 177, 180, 181, 182, 184, 187, 188, 192, 194, 196, 197
159: 1, 3, 4, 5, 6, 7, 8, 9, 10, 11, 12, 13, 14, 16, 17, 18, 19, 20, 21, 22, 24, 26, 27, 28, 29, 30, 31, 33, 34, 35, 36, 37, 39, 40, 41, 42, 43, 46, 48, 49, 53, 54, 55, 56, 57, 61, 62, 63, 64, 67, 68, 69, 71, 72, 73, 78, 79, 83, 85, 86, 87, 90, 91, 92, 93, 94, 95, 96, 101, 104, 105, 106, 107, 108, 110, 111, 112, 114, 115, 116, 118, 119, 121, 122, 123, 124, 126, 127, 128, 129, 132, 134, 137, 138, 140, 144, 145, 146, 147, 148, 149, 150, 153, 154, 155, 156, 157, 158, 159, 160, 161, 162, 165, 166, 169, 171, 172, 174, 175, 176, 178, 181, 182, 184, 187, 188, 190, 192, 193, 195, 196, 197, 198
160: 1, 3, 4, 5, 7, 10, 12, 13, 16, 17, 18, 19, 20, 21, 24, 26, 27, 28, 29, 30, 32, 35, 36, 37, 39, 40, 41, 43, 45, 46, 48, 49, 53, 56, 57, 58, 60, 61, 62, 63, 64, 67, 68, 69, 70, 71, 72, 81, 85, 86, 87, 90, 91, 92, 93, 94, 95, 98, 101, 104, 106, 108, 112, 114, 115, 116, 118, 119, 122, 123, 124, 126, 127, 128, 129, 132, 134, 137, 138, 139, 140, 144, 145, 147, 148, 149, 153, 154, 155, 157, 159, 160, 161, 162, 166, 169, 171, 172, 174, 175, 176, 178, 181, 182, 184, 185, 187, 188, 190, 193, 195, 197, 198
161: 1, 3, 4, 5, 6, 7, 8, 9, 10, 12, 13, 14, 16, 17, 18, 19, 20, 21, 22, 24, 26, 27, 28, 29, 30, 31, 32, 34, 35, 36, 37, 39, 40, 41, 42, 43, 44, 45, 46, 47, 48, 49, 53, 54, 55, 56, 57, 58, 60, 61, 62, 63, 64, 67, 68, 69, 70, 71, 72, 73, 78, 79, 81, 83, 85, 86, 87, 90, 91, 92, 93, 94, 95, 98, 101, 103, 104, 105, 106, 108, 110, 112, 114, 115, 116, 118, 119, 122, 123, 124, 126, 127, 128, 129, 132, 134, 137, 138, 139, 140, 144, 145, 147, 148, 149, 153, 154, 157, 158, 159, 160, 161, 162, 166, 169, 171, 172, 174, 175, 176, 177, 178, 181, 182, 184, 187, 188, 190, 192, 195, 196, 197, 198
162: 0, 1, 3, 5, 7, 10, 12, 14, 15, 16, 17, 18, 21, 23, 24, 25, 26, 30, 32, 34, 35, 37, 39, 41, 42, 44, 45, 46, 48, 53, 54, 55, 56, 57, 60, 62, 63, 64, 67, 68, 70, 71, 73, 75, 76, 79, 81, 83, 84, 85, 86, 87, 88, 89, 91, 93, 94, 95, 96, 97, 98, 103, 104, 109, 110, 112, 115, 116, 118, 119, 122, 123, 124, 126, 127, 128, 129, 132, 133, 134, 137, 138, 144, 145, 146, 148, 149, 150, 151, 153, 156, 157, 159, 160, 161, 162, 164, 165, 167, 169, 172, 174, 175, 177, 180, 181, 182, 183, 184, 187, 190, 191, 193, 195, 197, 198
163: 0, 2, 22, 25, 32, 33, 38, 44, 51, 58, 66, 76, 77, 96, 97, 99, 102, 106, 107, 113, 117, 121, 131, 142, 143, 152, 158, 163, 165, 166, 170, 173, 179, 185, 189, 194, 196, 199
164: 0, 1, 2, 4, 5, 8, 11, 13, 14, 15, 16, 18, 22, 23, 24, 25, 27, 30, 31, 32, 34, 36, 38, 41, 42, 44, 45, 46, 47, 49, 51, 53, 55, 56, 60, 63, 66, 69, 70, 71, 73, 74, 75, 76, 77, 79, 80, 82, 85, 88, 89, 91, 92, 96, 97, 99, 103, 104, 105, 106, 110, 115, 117, 122, 124, 126, 131, 133, 134, 135, 136, 139, 140, 142, 143, 146, 150, 154, 157, 158, 162, 164, 165, 171, 173, 174, 176, 177, 178, 179, 180, 182, 183, 191, 192, 195, 196, 197, 198, 199
165: 0, 2, 4, 5, 8, 11, 12, 13, 14, 16, 17, 22, 23, 27, 28, 30, 31, 32, 34, 36, 37, 38, 39, 41, 42, 43, 44, 45, 47, 49, 51, 53, 54, 56, 57, 60, 62, 63, 64, 65, 66, 67, 68, 69, 70, 71, 73, 74, 75, 76, 77, 79, 80, 82, 85, 86, 87, 88, 89, 91, 92, 94, 95, 96, 97, 98, 99, 101, 102, 103, 104, 105, 106, 107, 110, 112, 113, 115, 116, 117, 119, 122, 124, 126, 127, 128, 129, 130, 131, 132, 134, 136, 137, 138, 139, 140, 142, 143, 146, 147, 148, 150, 152, 154, 156, 157, 158, 159, 162, 163, 164, 165, 166, 169, 171, 172, 173, 174, 176, 178, 179, 181, 182, 183, 188, 190, 191, 192, 193, 194, 196, 197, 199
166: 0, 1, 2, 3, 4, 6, 7, 8, 9, 12, 13, 14, 15, 16, 17, 21, 22, 23, 25, 26, 27, 28, 29, 30, 31, 32, 33, 34, 35, 36, 37, 40, 41, 42, 43, 44, 48, 49, 51, 53, 55, 56, 57, 63, 64, 66, 67, 69, 72, 74, 75, 77, 78, 79, 82, 85, 87, 90, 91, 92, 93, 94, 95, 96, 97, 99, 101, 103, 104, 105, 106, 107, 110, 113, 114, 115, 116, 117, 118, 119, 121, 123, 124, 127, 129, 131, 132, 134, 136, 137, 140, 144, 145, 146, 147, 149, 150, 151, 153, 154, 157, 158, 159, 160, 161, 163, 165, 166, 167, 169, 170, 171, 172, 174, 176, 177, 178, 180, 181, 182, 184, 187, 188, 190, 192, 194, 195, 196, 197
167: 3, 6, 8, 10, 11, 12, 15, 17, 18, 19, 25, 28, 29, 34, 35, 55, 67, 93, 94, 95, 101, 109, 118, 119, 121, 123, 132, 141, 144, 145, 147, 150, 151, 153, 156, 162, 166, 167, 169, 171, 177, 184, 187, 188, 195
168: 1, 5, 12, 14, 17, 24, 32, 39, 40, 44, 47, 48, 51, 54, 58, 59, 60, 61, 62, 64, 68, 73, 81, 85, 86, 87, 94, 95, 96, 101, 106, 112, 116, 122, 126, 127, 128, 129, 130, 131, 134, 137, 138, 139, 143, 144, 148, 152, 156, 168, 169, 173, 185, 187, 190, 193, 197, 199
169: 0, 1, 2, 3, 6, 7, 8, 10, 12, 14, 15, 16, 17, 18, 21, 22, 24, 25, 26, 28, 29, 30, 32, 33, 35, 37, 39, 40, 43, 44, 47, 48, 49, 51, 53, 54, 55, 56, 57, 58, 59, 60, 61, 62, 64, 66, 67, 68, 69, 73, 75, 77, 78, 79, 85, 86, 87, 90, 91, 92, 93, 94, 95, 96, 99, 101, 102, 104, 106, 107, 112, 115, 116, 117, 118, 119, 121, 122, 123, 124, 126, 127, 128, 129, 131, 132, 134, 136, 137, 138, 139, 140, 142, 143, 144, 145, 147, 148, 149, 150, 151, 153, 155, 156, 157, 158, 159, 160, 161, 162, 165, 166, 167, 168, 169, 170, 171, 172, 175, 176, 177, 178, 181, 182, 184, 185, 187, 188, 190, 193, 194, 195, 197, 198, 199
170: 0, 2, 14, 15, 23, 25, 32, 36, 38, 42, 44, 45, 47, 50, 52, 53, 60, 63, 66, 69, 73, 74, 75, 77, 81, 82, 96, 98, 99, 103, 106, 112, 117, 120, 122, 130, 131, 136, 152, 156, 163, 166, 169, 170, 173, 177, 178, 180, 183, 186, 191, 199
171: 1, 3, 4, 5, 6, 7, 8, 10, 11, 12, 13, 14, 16, 17, 18, 21, 22, 26, 28, 29, 30, 31, 32, 33, 35, 36, 37, 40, 43, 46, 48, 49, 55, 56, 57, 58, 60, 61, 64, 66, 67, 68, 69, 70, 71, 72, 74, 77, 78, 79, 85, 86, 87, 88, 90, 91, 92, 93, 94, 95, 99, 101, 103, 104, 105, 112, 113, 114, 115, 116, 118, 119, 121, 123, 124, 126, 127, 129, 132, 134, 136, 137, 138, 140, 141, 144, 145, 147, 148, 149, 153, 154, 157, 158, 159, 160, 161, 164, 165, 166, 167, 169, 171, 172, 174, 175, 176, 178, 181, 182, 184, 185, 187, 188, 190, 192, 193, 195, 196, 197, 198
172: 1, 3, 4, 5, 6, 7, 8, 10, 11, 12, 13, 14, 16, 17, 18, 19, 20, 21, 22, 24, 26, 27, 28, 29, 30, 31, 32, 34, 35, 36, 37, 39, 40, 41, 42, 43, 44, 46, 47, 48, 49, 53, 54, 55, 56, 57, 60, 61, 62, 63, 64, 67, 68, 69, 70, 71, 72, 73, 78, 79, 81, 83, 85, 86, 87, 90, 91, 92, 93, 94, 95, 101, 103, 104, 105, 106, 107, 108, 110, 111, 112, 114, 115, 116, 118, 119, 122, 123, 124, 126, 127, 128, 129, 130, 132, 134, 137, 138, 139, 140, 144, 145, 147, 148, 149, 153, 154, 157, 158, 159, 160, 161, 162, 165, 166, 169, 171, 172, 174, 175, 176, 178, 181, 182, 184, 187, 188, 190, 192, 195, 196, 197, 198
173: 0, 2, 4, 14, 15, 23, 30, 31, 32, 38, 42, 44, 45, 47, 50, 51, 52, 53, 54, 55, 58, 59, 60, 63, 64, 65, 66, 69, 73, 75, 77, 79, 82, 86, 88, 96, 97, 98, 99, 101, 103, 104, 105, 106, 110, 112, 115, 117, 120, 122, 126, 128, 130, 131, 136, 139, 140, 142, 143, 146, 152, 156, 163, 164, 165, 168, 170, 173, 177, 178, 180, 182, 183, 186, 190, 191, 192, 199
174: 1, 3, 4, 5, 7, 8, 10, 11, 12, 13, 14, 15, 16, 17, 18, 21, 23, 24, 25, 26, 28, 29, 31, 32, 35, 36, 37, 38, 42, 46, 48, 54, 55, 56, 57, 58, 60, 61, 63, 64, 66, 67, 68, 69, 70, 71, 74, 77, 78, 79, 81, 83, 85, 86, 87, 88, 89, 90, 91, 93, 94, 95, 97, 99, 101, 103, 109, 110, 112, 115, 116, 117, 118, 119, 122, 123, 126, 129, 131, 132, 133, 134, 136, 137, 138, 144, 146, 147, 148, 149, 151, 153, 154, 157, 159, 160, 161, 162, 164, 165, 166, 171, 172, 174, 177, 178, 181, 183, 187, 188, 190, 192, 195, 197, 198
175: 1, 3, 6, 7, 10, 12, 13, 14, 16, 17, 18, 21, 24, 26, 27, 28, 30, 37, 39, 40, 42, 43, 46, 48, 49, 55, 56, 57, 60, 62, 63, 64, 67, 68, 70, 71, 72, 81, 83, 85, 86, 87, 91, 92, 93, 94, 95, 101, 104, 108, 112, 114, 116, 118, 119, 122, 123, 124, 126, 127, 128, 129, 130, 132, 134, 137, 144, 145, 146, 148, 149, 153, 157, 159, 160, 161, 162, 169, 171, 172, 175, 176, 181, 182, 184, 187, 190, 193, 195, 197, 198
176: 1, 3, 4, 5, 6, 7, 9, 10, 12, 13, 16, 17, 19, 20, 21, 22, 24, 26, 27, 28, 30, 31, 32, 34, 35, 36, 37, 39, 40, 41, 42, 43, 44, 45, 46, 47, 48, 49, 50, 53, 56, 57, 62, 63, 64, 67, 68, 69, 71, 72, 74, 76, 80, 85, 86, 87, 91, 92, 93, 94, 95, 96, 98, 99, 101, 103, 104, 105, 106, 107, 108, 110, 113, 114, 115, 116, 117, 118, 119, 121, 122, 123, 124, 126, 127, 128, 129, 130, 131, 132, 134, 137, 139, 140, 143, 144, 145, 146, 147, 148, 149, 150, 153, 154, 157, 158, 159, 160, 161, 164, 165, 166, 169, 171, 172, 175, 176, 177, 178, 181, 182, 184, 187, 188, 190, 191, 192, 195, 196, 197, 198
177: 0, 2, 5, 9, 12, 13, 15, 17, 18, 21, 22, 23, 24, 25, 27, 28, 29, 30, 31, 32, 34, 35, 36, 41, 42, 43, 44, 45, 46, 49, 51, 55, 63, 66, 67, 69, 70, 71, 74, 75, 77, 82, 87, 88, 92, 93, 96, 97, 98, 99, 101, 103, 104, 105, 106, 107, 109, 110, 115, 117, 119, 121, 124, 131, 132, 133, 134, 139, 140, 143, 144, 146, 150, 151, 153, 158, 161, 162, 164, 166, 167, 169, 170, 173, 174, 176, 177, 178, 180, 182, 183, 187, 188, 192, 194, 195, 198
178: 0, 1, 3, 4, 5, 7, 12, 13, 14, 15, 17, 18, 21, 24, 25, 26, 27, 30, 31, 32, 36, 37, 38, 39, 40, 41, 42, 43, 44, 45, 46, 47, 48, 49, 50, 51, 52, 53, 54, 56, 57, 58, 60, 61, 62, 63, 64, 66, 68, 69, 71, 72, 73, 75, 77, 78, 79, 81, 82, 85, 86, 87, 91, 92, 93, 95, 96, 98, 99, 101, 103, 104, 106, 110, 112, 115, 116, 117, 118, 120, 122, 124, 126, 127, 128, 129, 130, 131, 134, 136, 137, 138, 139, 142, 143, 144, 145, 146, 148, 149, 154, 159, 160, 161, 164, 165, 166, 169, 170, 171, 172, 173, 174, 176, 177, 178, 179, 181, 182, 183, 185, 186, 187, 190, 191, 192, 194, 195, 197, 198, 199
179: 0, 2, 4, 14, 22, 27, 30, 31, 32, 33, 36, 38, 39, 44, 51, 60, 68, 73, 75, 76, 77, 85, 88, 92, 94, 96, 97, 99, 102, 103, 104, 105, 106, 107, 110, 113, 116, 121, 124, 127, 131, 133, 134, 136, 137, 138, 140, 142, 143, 146, 148, 152, 154, 163, 164, 165, 178, 179, 182, 189, 191, 192, 193, 194, 196, 199
180: 0, 2, 15, 23, 25, 30, 42, 46, 53, 55, 63, 69, 71, 74, 75, 77, 88, 96, 97, 109, 110, 115, 117, 119, 120, 133, 136, 146, 150, 151, 154, 158, 162, 164, 166, 170, 173, 177, 180, 182, 183, 184, 198
181: 1, 3, 4, 5, 6, 7, 8, 10, 11, 12, 13, 14, 16, 17, 18, 19, 20, 21, 22, 24, 26, 27, 28, 29, 30, 31, 32, 35, 36, 37, 39, 40, 41, 42, 43, 44, 46, 47, 48, 49, 53, 54, 55, 56, 57, 60, 61, 62, 63, 64, 67, 68, 69, 70, 71, 72, 73, 78, 79, 80, 81, 83, 85, 86, 87, 90, 91, 92, 93, 94, 95, 101, 103, 104, 105, 106, 107, 108, 110, 112, 114, 115, 116, 118, 119, 122, 123, 124, 126, 127, 128, 129, 130, 132, 134, 137, 138, 139, 140, 144, 145, 147, 148, 149, 153, 154, 157, 158, 159, 160, 161, 162, 165, 166, 169, 171, 172, 174, 175, 176, 178, 181, 182, 184, 187, 188, 190, 192, 195, 196, 197, 198
182: 0, 1, 2, 3, 4, 6, 7, 8, 9, 10, 11, 12, 13, 14, 15, 16, 17, 21, 22, 23, 25, 26, 27, 28, 29, 30, 31, 32, 33, 34, 35, 36, 37, 40, 41, 42, 43, 44, 47, 48, 49, 51, 53, 56, 57, 63, 64, 67, 69, 71, 72, 73, 74, 75, 76, 77, 79, 80, 85, 86, 87, 88, 90, 91, 92, 93, 94, 95, 96, 97, 99, 101, 103, 104, 105, 106, 107, 108, 110, 113, 114, 115, 117, 118, 119, 121, 122, 123, 124, 126, 127, 129, 130, 131, 132, 134, 136, 137, 139, 140, 142, 143, 144, 145, 146, 147, 148, 149, 150, 153, 154, 157, 158, 159, 160, 161, 162, 164, 165, 166, 169, 171, 172, 173, 175, 176, 177, 178, 179, 180, 181, 182, 183, 184, 187, 188, 190, 191, 192, 195, 196, 197, 198
183: 0, 2, 4, 9, 14, 15, 18, 22, 23, 24, 25, 27, 30, 31, 32, 34, 41, 42, 44, 45, 46, 49, 51, 53, 55, 63, 67, 69, 70, 71, 74, 75, 76, 77, 79, 83, 84, 88, 89, 96, 97, 98, 99, 103, 104, 105, 109, 110, 115, 117, 119, 120, 124, 131, 133, 134, 136, 139, 140, 142, 143, 146, 150, 151, 152, 154, 162, 164, 165, 170, 173, 174, 177, 178, 180, 182, 183, 192, 195, 198, 199
184: 0, 1, 3, 4, 6, 7, 8, 9, 10, 11, 12, 13, 14, 15, 16, 17, 21, 22, 25, 26, 27, 28, 29, 30, 31, 33, 34, 35, 37, 39, 40, 43, 48, 49, 54, 55, 56, 57, 64, 67, 69, 72, 73, 74, 75, 77, 79, 85, 87, 90, 91, 92, 93, 94, 95, 96, 101, 102, 104, 105, 107, 110, 113, 114, 116, 118, 119, 121, 123, 124, 127, 129, 132, 134, 137, 140, 141, 144, 145, 147, 148, 149, 150, 151, 153, 154, 156, 157, 158, 159, 160, 161, 162, 166, 167, 169, 171, 172, 175, 176, 180, 181, 182, 184, 187, 188, 190, 192, 193, 196, 197
185: 6, 14, 22, 25, 32, 33, 39, 40, 48, 51, 54, 58, 59, 61, 62, 66, 68, 78, 79, 84, 85, 86, 93, 94, 96, 99, 101, 102, 105, 106, 109, 113, 116, 121, 127, 129, 131, 132, 134, 138, 140, 142, 143, 144, 148, 152, 160, 163, 168, 169, 171, 178, 185, 187, 190, 193, 194, 199
186: 0, 2, 9, 13, 32, 42, 44, 45, 47, 52, 60, 62, 63, 72, 78, 81, 82, 83, 85, 92, 96, 98, 100, 103, 104, 106, 112, 117, 122, 124, 125, 126, 128, 129, 130, 131, 152, 155, 170, 173, 178, 186, 189, 191
187: 1, 3, 4, 5, 6, 7, 8, 9, 10, 12, 13, 14, 16, 17, 18, 19, 20, 21, 22, 24, 26, 27, 28, 29, 30, 31, 32, 33, 34, 35, 36, 37, 39, 40, 41, 43, 46, 48, 49, 56, 57, 61, 62, 64, 67, 68, 70, 71, 72, 73, 79, 81, 85, 86, 87, 90, 91, 92, 93, 94, 95, 101, 104, 105, 106, 107, 108, 110, 112, 113, 114, 116, 118, 119, 121, 123, 124, 126, 127, 129, 132, 134, 137, 138, 139, 140, 143, 144, 145, 146, 147, 148, 149, 150, 153, 157, 158, 159, 160, 161, 162, 166, 167, 168, 169, 171, 172, 174, 175, 176, 177, 178, 181, 182, 184, 185, 187, 188, 190, 192, 195, 196, 197, 198
188: 1, 3, 4, 5, 6, 7, 8, 11, 12, 13, 14, 15, 16, 17, 21, 22, 23, 25, 26, 28, 29, 30, 31, 32, 33, 35, 36, 37, 40, 43, 46, 48, 49, 56, 57, 60, 64, 66, 67, 68, 69, 70, 72, 74, 77, 79, 80, 85, 86, 87, 90, 91, 92, 93, 94, 95, 99, 101, 102, 103, 104, 105, 107, 113, 115, 116, 118, 119, 121, 123, 124, 127, 129, 132, 134, 136, 137, 138, 140, 141, 144, 145, 147, 148, 149, 151, 153, 154, 157, 158, 159, 160, 161, 165, 166, 167, 169, 171, 172, 174, 176, 177, 181, 182, 184, 187, 188, 190, 192, 193, 194, 195, 196, 197, 198
189: 52, 65, 82, 131, 142, 152, 163, 179, 186, 189, 194, 199
190: 1, 3, 4, 5, 6, 7, 10, 12, 13, 14, 16, 17, 18, 19, 20, 21, 24, 26, 27, 28, 30, 32, 35, 36, 37, 39, 40, 41, 42, 43, 44, 45, 46, 47, 48, 49, 53, 54, 55, 56, 57, 58, 60, 61, 62, 63, 64, 66, 67, 68, 70, 71, 72, 73, 78, 79, 81, 82, 83, 85, 86, 87, 91, 92, 93, 94, 95, 96, 98, 101, 102, 103, 104, 106, 108, 110, 112, 114, 115, 116, 117, 118, 119, 122, 123, 124, 126, 127, 128, 129, 130, 131, 132, 134, 136, 137, 138, 139, 143, 144, 145, 146, 147, 148, 149, 150, 153, 155, 156, 157, 159, 160, 161, 162, 165, 166, 168, 169, 171, 172, 173, 174, 175, 176, 178, 181, 182, 184, 185, 187, 188, 190, 191, 193, 195, 197, 198
191: 0, 1, 2, 4, 13, 14, 17, 22, 27, 30, 31, 32, 36, 38, 39, 42, 43, 44, 45, 47, 49, 51, 53, 54, 56, 60, 63, 68, 71, 73, 75, 77, 79, 81, 85, 92, 96, 98, 99, 103, 104, 105, 106, 110, 115, 116, 117, 122, 124, 126, 127, 129, 130, 131, 136, 138, 139, 143, 146, 148, 152, 162, 164, 165, 170, 173, 176, 178, 179, 182, 186, 190, 191, 192, 193, 196, 199
192: 0, 1, 2, 3, 4, 5, 6, 7, 8, 9, 11, 12, 13, 14, 15, 16, 17, 21, 22, 23, 25, 26, 27, 28, 29, 30, 31, 32, 33, 34, 35, 36, 37, 38, 41, 42, 43, 48, 49, 51, 55, 56, 57, 66, 67, 69, 70, 74, 75, 76, 77, 79, 80, 82, 87, 88, 89, 90, 91, 92, 93, 94, 95, 96, 97, 99, 103, 104, 105, 107, 110, 113, 115, 117, 118, 119, 121, 124, 127, 131, 132, 134, 135, 136, 137, 139, 140, 142, 143, 144, 145, 146, 147, 149, 150, 154, 157, 158, 159, 161, 164, 165, 166, 171, 172, 173, 174, 176, 177, 178, 179, 181, 182, 183, 184, 187, 188, 191, 192, 193, 194, 196, 197, 199
193: 0, 1, 2, 6, 7, 12, 14, 16, 17, 21, 22, 25, 28, 31, 32, 33, 39, 48, 51, 53, 54, 55, 56, 57, 58, 59, 60, 61, 62, 64, 66, 67, 68, 69, 73, 75, 77, 78, 79, 84, 85, 86, 87, 90, 93, 94, 95, 96, 97, 99, 101, 102, 103, 105, 106, 107, 109, 116, 118, 119, 122, 124, 126, 127, 129, 131, 132, 134, 136, 137, 138, 140, 142, 143, 144, 145, 148, 149, 150, 151, 152, 154, 155, 157, 159, 160, 162, 165, 168, 169, 171, 175, 179, 184, 185, 188, 190, 191, 192, 193, 194, 196, 197, 199
194: 0, 2, 6, 14, 15, 22, 25, 31, 32, 33, 36, 38, 51, 58, 66, 68, 69, 74, 76, 77, 85, 96, 97, 99, 102, 105, 106, 107, 113, 116, 117, 121, 131, 136, 140, 142, 143, 148, 152, 158, 163, 165, 166, 169, 177, 178, 179, 185, 188, 189, 192, 193, 194, 196, 199
195: 1, 3, 5, 7, 10, 11, 12, 13, 15, 16, 17, 18, 19, 20, 21, 24, 26, 29, 30, 32, 35, 36, 37, 39, 40, 41, 42, 43, 44, 45, 46, 48, 49, 54, 55, 56, 57, 58, 60, 61, 62, 63, 64, 67, 68, 70, 71, 72, 73, 78, 79, 81, 83, 85, 86, 87, 88, 91, 92, 93, 94, 95, 97, 98, 101, 103, 104, 106, 108, 109, 110, 112, 114, 115, 116, 117, 118, 119, 122, 123, 124, 126, 127, 128, 129, 130, 132, 133, 134, 137, 138, 139, 144, 145, 146, 148, 149, 153, 156, 157, 159, 160, 161, 162, 164, 166, 167, 169, 171, 172, 174, 175, 176, 177, 178, 181, 182, 183, 187, 188, 190, 195, 197, 198
196: 1, 2, 4, 6, 7, 9, 12, 13, 14, 16, 17, 22, 25, 27, 28, 30, 31, 32, 33, 34, 36, 37, 40, 41, 43, 48, 49, 51, 56, 57, 67, 68, 69, 74, 76, 77, 80, 85, 87, 88, 91, 92, 94, 95, 96, 97, 99, 102, 103, 104, 105, 106, 107, 110, 113, 118, 119, 121, 124, 131, 132, 133, 134, 136, 137, 140, 142, 143, 144, 145, 146, 147, 148, 149, 150, 154, 157, 158, 159, 161, 163, 164, 165, 166, 171, 172, 176, 179, 181, 182, 184, 187, 188, 191, 192, 193, 194, 196, 197, 199
197: 1, 3, 4, 5, 6, 7, 8, 10, 11, 12, 13, 14, 16, 17, 18, 19, 20, 21, 22, 24, 26, 27, 28, 29, 30, 31, 32, 33, 35, 36, 37, 39, 40, 41, 42, 43, 46, 48, 49, 54, 55, 56, 57, 60, 62, 63, 64, 66, 67, 68, 69, 70, 71, 72, 73, 74, 76, 77, 79, 80, 85, 86, 87, 88, 90, 91, 92, 93, 94, 95, 99, 101, 103, 104, 105, 106, 107, 108, 110, 112, 113, 114, 115, 116, 118, 119, 121, 122, 123, 124, 126, 127, 128, 129, 132, 134, 136, 137, 138, 139, 140, 141, 144, 145, 147, 148, 149, 153, 154, 157, 158, 159, 160, 161, 162, 164, 165, 166, 168, 169, 171, 172, 174, 175, 176, 178, 181, 182, 184, 187, 188, 190, 192, 193, 195, 196, 197, 198
198: 1, 3, 5, 7, 10, 12, 13, 14, 15, 16, 17, 18, 19, 20, 21, 23, 24, 26, 27, 28, 30, 32, 35, 36, 37, 39, 40, 41, 42, 43, 44, 45, 46, 47, 48, 49, 50, 53, 54, 55, 56, 57, 60, 61, 62, 63, 64, 67, 68, 70, 71, 72, 73, 79, 81, 83, 85, 86, 87, 88, 91, 92, 93, 94, 95, 97, 98, 101, 103, 104, 106, 108, 109, 110, 112, 115, 116, 118, 119, 122, 123, 124, 126, 127, 128, 129, 130, 132, 133, 134, 137, 138, 139, 144, 145, 146, 148, 149, 151, 153, 157, 159, 160, 161, 162, 164, 169, 171, 172, 174, 175, 176, 177, 178, 180, 181, 182, 183, 187, 188, 190, 195, 197, 198
199: 0, 2, 14, 22, 25, 31, 32, 44, 47, 51, 52, 53, 54, 58, 59, 65, 66, 68, 69, 73, 75, 76, 77, 79, 85, 94, 96, 97, 99, 102, 103, 105, 106, 107, 109, 110, 116, 117, 120, 124, 127, 130, 131, 133, 136, 140, 142, 143, 146, 148, 150, 152, 154, 156, 163, 164, 165, 168, 169, 170, 173, 178, 179, 183, 185, 189, 191, 192, 193, 194, 196, 199
edgeCount: 20220
