0: 0, 2, 44, 75, 96, 170, 173
1: 1, 3, 7, 10, 12, 13, 17, 21, 24, 26, 30, 37, 40, 48, 49, 56, 57, 64, 67, 72, 85, 86, 87, 91, 92, 93, 95, 104, 118, 122, 124, 126, 129, 132, 134, 137, 144, 145, 148, 149, 159, 160, 161, 172, 175, 176, 181, 187, 190, 197, 198
2: 0, 2, 22, 51, 75, 96, 97, 103, 105, 131, 152, 179, 199
3: 1, 3, 7, 10, 12, 13, 17, 21, 26, 37, 40, 43, 48, 56, 57, 64, 67, 72, 87, 91, 92, 93, 95, 101, 104, 118, 123, 124, 129, 132, 137, 144, 145, 149, 153, 159, 160, 161, 172, 175, 176, 181, 187, 190, 195, 197
4: 4, 13, 16, 22, 30, 31, 36, 43, 49, 56, 69, 80, 91, 92, 103, 104, 105, 110, 124, 154, 157, 158, 164, 165, 171, 176, 182, 192, 196, 197
5: 5, 18, 24, 36, 46, 60, 70, 71, 91, 134, 164, 171, 174, 195, 197, 198
6: 6, 33, 67, 94, 107, 119, 121, 132, 147, 184, 188
7: 1, 3, 7, 10, 12, 13, 17, 18, 21, 24, 26, 37, 40, 43, 48, 49, 56, 57, 67, 72, 87, 91, 92, 93, 94, 95, 104, 116, 118, 123, 124, 129, 132, 137, 144, 145, 149, 153, 159, 160, 161, 171, 172, 175, 176, 181, 187, 190, 195, 197
8: 8, 11, 16, 28, 29, 35, 80, 141, 147, 157, 158, 188
9: 9, 22, 105, 140
10: 1, 3, 7, 10, 12, 17, 19, 24, 34, 35, 37, 40, 41, 48, 57, 87, 95, 108, 118, 123, 137, 145, 149, 153, 161, 172, 181, 190, 198
11: 8, 11, 16, 29, 80, 157
12: 1, 3, 7, 10, 12, 13, 16, 17, 21, 24, 26, 30, 37, 40, 43, 48, 49, 56, 57, 64, 67, 72, 86, 87, 91, 92, 93, 94, 95, 101, 104, 114, 118, 119, 123, 124, 126, 129, 132, 134, 137, 144, 145, 149, 153, 159, 160, 161, 171, 172, 175, 176, 181, 182, 187, 190, 195, 197, 198
13: 1, 3, 4, 7, 12, 13, 17, 21, 26, 30, 32, 36, 37, 40, 41, 42, 43, 48, 49, 56, 57, 87, 91, 92, 93, 95, 104, 106, 115, 118, 124, 129, 137, 144, 145, 149, 159, 160, 161, 166, 171, 172, 176, 178, 181, 182, 187, 192, 197
14: 14, 39, 54, 55, 67, 68, 79, 85, 94, 116, 127, 132, 138, 148, 169, 184, 193
15: 15, 23, 25, 42, 63, 74, 88, 97, 146, 177, 180, 183
16: 4, 8, 11, 12, 16, 17, 21, 28, 30, 31, 56, 57, 67, 69, 87, 90, 91, 94, 119, 132, 147, 154, 157, 158, 159, 171, 181, 184, 188, 192, 197
17: 1, 3, 7, 10, 12, 13, 16, 17, 21, 24, 26, 28, 30, 37, 40, 43, 48, 56, 57, 64, 67, 72, 86, 87, 91, 92, 93, 94, 95, 104, 114, 118, 119, 123, 124, 126, 129, 132, 134, 137, 144, 145, 149, 153, 157, 159, 160, 161, 171, 172, 175, 176, 181, 182, 187, 188, 190, 197, 198
18: 5, 7, 18, 24, 42, 46, 55, 63, 71, 93, 116, 118, 134, 149, 162, 195, 198
19: 10, 19, 20, 72, 108, 111, 123, 153
20: 19, 20, 72, 108, 111, 123, 153
21: 1, 3, 7, 12, 13, 16, 17, 21, 26, 28, 30, 37, 40, 48, 49, 56, 57, 64, 67, 87, 91, 92, 93, 94, 95, 101, 104, 115, 118, 119, 123, 126, 129, 132, 137, 144, 145, 149, 157, 159, 160, 161, 166, 171, 172, 176, 181, 184, 188, 190, 197, 198
22: 2, 4, 9, 22, 30, 31, 49, 51, 67, 69, 92, 94, 104, 105, 107, 113, 121, 124, 140, 142, 154, 157, 158, 166, 182, 192, 196
23: 15, 23, 66, 69, 74, 77, 88, 164, 180, 183
24: 1, 5, 7, 10, 12, 17, 18, 24, 39, 42, 46, 48, 55, 63, 70, 71, 86, 87, 95, 110, 118, 126, 134, 137, 144, 145, 146, 161, 162, 174, 181, 190, 195, 198
25: 15, 25, 177
26: 1, 3, 7, 12, 13, 17, 21, 26, 30, 37, 40, 43, 48, 56, 57, 64, 67, 87, 91, 92, 93, 95, 104, 118, 119, 124, 129, 132, 137, 144, 145, 149, 153, 159, 160, 161, 171, 172, 176, 181, 187, 195, 197
27: 27, 30, 92, 104, 105, 124, 182
28: 8, 16, 17, 21, 28, 29, 56, 57, 67, 69, 90, 91, 94, 119, 132, 147, 154, 157, 158, 171, 184, 188, 192, 197
29: 8, 11, 28, 29, 35, 141, 147, 167, 188
30: 1, 4, 12, 13, 16, 17, 21, 22, 26, 27, 30, 31, 32, 34, 36, 37, 41, 43, 49, 56, 57, 67, 69, 87, 91, 92, 95, 103, 104, 105, 110, 119, 124, 132, 137, 140, 154, 157, 158, 159, 161, 165, 166, 172, 176, 181, 182, 192, 196, 197
31: 4, 16, 22, 30, 31, 36, 49, 67, 69, 74, 88, 94, 99, 103, 104, 105, 107, 140, 147, 154, 157, 158, 164, 165, 171, 182, 188, 192, 196, 197
32: 13, 30, 32, 36, 38, 42, 44, 47, 53, 64, 66, 86, 96, 98, 99, 106, 110, 115, 116, 117, 129, 131, 139, 165, 178, 182, 190
33: 6, 33, 94, 102, 107, 113, 121, 147, 184, 196
34: 10, 30, 34, 41, 80, 104, 110, 123, 124, 150, 182
35: 8, 10, 29, 35, 123, 153, 167, 188
36: 4, 5, 13, 30, 31, 32, 36, 43, 56, 69, 91, 92, 99, 103, 104, 124, 154, 158, 164, 165, 166, 171, 176, 182, 188, 192, 197
37: 1, 3, 7, 10, 12, 13, 17, 21, 26, 30, 37, 40, 43, 48, 49, 56, 57, 64, 67, 72, 86, 87, 91, 92, 93, 95, 101, 104, 108, 114, 118, 119, 123, 124, 129, 132, 137, 144, 145, 149, 153, 159, 160, 161, 171, 172, 175, 176, 181, 182, 184, 187, 190, 195, 197, 198
38: 32, 38, 117, 165
39: 14, 24, 39, 48, 54, 61, 62, 64, 85, 86, 116, 122, 126, 127, 137, 139, 143, 168, 190
40: 1, 3, 7, 10, 12, 13, 17, 21, 26, 37, 40, 48, 56, 57, 67, 72, 87, 92, 93, 95, 118, 124, 132, 137, 144, 145, 149, 153, 160, 161, 172, 181, 187
41: 10, 13, 30, 34, 41, 80, 92, 104, 110, 123, 153, 176, 182
42: 13, 15, 18, 24, 32, 42, 44, 46, 63, 70, 71, 88, 92, 98, 104, 110, 115, 133, 146, 162, 176, 177, 183, 195, 198
43: 3, 4, 7, 12, 13, 17, 26, 30, 36, 37, 43, 48, 49, 56, 57, 92, 93, 95, 104, 118, 124, 144, 145, 149, 160, 161, 166, 172, 176, 178, 181, 182
44: 0, 32, 42, 44, 45, 47, 50, 53, 63, 73, 96, 98, 106, 117, 120, 126, 130, 131, 139, 173, 178, 190
45: 44, 45, 47, 50, 53, 98, 117, 122, 170, 178
46: 5, 18, 24, 42, 46, 55, 57, 63, 70, 71, 86, 126, 134, 161, 162, 174, 195, 198
47: 32, 44, 45, 47, 50, 53, 106, 130, 139, 178
48: 1, 3, 7, 10, 12, 13, 17, 21, 24, 26, 37, 39, 40, 43, 48, 49, 56, 57, 62, 64, 67, 72, 87, 92, 93, 94, 95, 104, 114, 118, 119, 123, 124, 132, 137, 144, 145, 149, 153, 159, 160, 161, 171, 172, 175, 176, 181, 184, 187, 190, 197
49: 1, 4, 7, 12, 13, 21, 22, 30, 31, 37, 43, 48, 49, 57, 67, 69, 87, 92, 93, 95, 104, 105, 115, 118, 119, 124, 132, 145, 149, 154, 159, 166, 172, 176, 181, 182, 192
50: 44, 45, 47, 50, 53, 120, 130
51: 2, 22, 51, 77, 96, 105, 131, 140, 142, 143, 179, 185, 193, 199
52: 52, 65, 82, 120
53: 32, 44, 45, 47, 50, 53, 106, 120, 139, 178
54: 14, 39, 54, 62, 64, 67, 73, 79, 96, 101, 126, 127, 137, 156, 159, 190
55: 14, 18, 24, 46, 55, 67, 71, 97, 110, 134, 146, 162, 174, 198
56: 1, 3, 4, 7, 12, 13, 16, 17, 21, 26, 28, 30, 36, 37, 40, 43, 48, 56, 57, 64, 67, 87, 91, 92, 93, 94, 95, 104, 118, 119, 124, 132, 137, 144, 145, 147, 149, 157, 159, 160, 161, 171, 172, 176, 181, 182, 184, 187, 188, 190, 192, 197
57: 1, 3, 7, 10, 12, 13, 16, 17, 21, 26, 28, 30, 37, 40, 43, 46, 48, 49, 56, 57, 64, 67, 72, 86, 87, 91, 92, 93, 95, 104, 118, 119, 124, 126, 129, 132, 137, 144, 145, 149, 153, 157, 159, 160, 161, 171, 172, 175, 176, 181, 182, 187, 188, 190, 195, 197, 198
58: 58, 59, 62, 116, 131, 185
59: 58, 59
60: 5, 60, 68, 70, 85, 103, 122, 126, 148, 197
61: 39, 61, 62, 86, 101, 116
62: 39, 48, 54, 58, 61, 62, 64, 73, 85, 86, 116, 126, 128, 168, 190
63: 15, 18, 24, 42, 44, 46, 63, 70, 71, 98, 110, 115, 124, 133, 146, 162, 177, 183, 195, 198
64: 1, 3, 12, 17, 21, 26, 32, 37, 39, 48, 54, 56, 57, 62, 64, 79, 85, 86, 87, 95, 101, 106, 112, 116, 118, 122, 126, 127, 128, 129, 145, 148, 161, 169, 172, 181, 190, 195, 197, 198
65: 52, 65
66: 23, 32, 66, 69, 77, 99, 117, 136, 165, 178, 194
67: 1, 3, 6, 7, 12, 14, 16, 17, 21, 22, 26, 28, 30, 31, 37, 40, 48, 49, 54, 55, 56, 57, 67, 79, 87, 91, 92, 93, 94, 95, 104, 105, 118, 119, 123, 124, 127, 132, 137, 140, 144, 145, 147, 149, 157, 159, 161, 166, 171, 172, 181, 182, 184, 187, 188, 192, 197
68: 14, 60, 68, 85, 116, 127, 129, 134, 138, 148, 168, 190, 193
69: 4, 16, 22, 23, 28, 30, 31, 36, 49, 66, 69, 74, 77, 90, 107, 119, 136, 140, 147, 154, 157, 158, 166, 171, 182, 188, 192
70: 5, 24, 42, 46, 60, 63, 70, 71, 88, 134, 162, 174, 195, 197, 198
71: 5, 18, 24, 42, 46, 55, 63, 70, 71, 110, 122, 126, 134, 162, 174, 195, 198
72: 1, 3, 7, 12, 17, 19, 20, 37, 40, 48, 57, 72, 87, 93, 108, 114, 118, 149, 160, 161, 172, 181, 187
73: 44, 54, 62, 73, 79, 96, 112, 122, 126, 128, 156, 173, 190
74: 15, 23, 31, 69, 74, 158, 192
75: 0, 2, 75, 77, 170, 180
76: 76, 97, 110, 142, 164, 179, 196
77: 23, 51, 66, 69, 75, 77, 99, 103, 136, 142, 158, 165, 192
78: 78, 101, 125, 155
79: 14, 54, 64, 67, 73, 79, 96, 101, 157, 169, 190
80: 4, 8, 11, 34, 41, 80, 182, 192
81: 81, 122, 126, 138
82: 52, 82, 96, 117, 131, 186
83: 83, 195
84: 84
85: 1, 14, 39, 60, 62, 64, 68, 85, 95, 106, 116, 126, 127, 129, 134, 138, 148, 168, 190, 193
86: 1, 12, 17, 24, 32, 37, 39, 46, 57, 61, 62, 64, 86, 87, 95, 101, 116, 122, 126, 128, 129, 139, 161, 172, 178, 181, 190, 198
87: 1, 3, 7, 10, 12, 13, 16, 17, 21, 24, 26, 30, 37, 40, 48, 49, 56, 57, 64, 67, 72, 86, 87, 91, 92, 93, 94, 95, 104, 114, 118, 119, 123, 124, 129, 132, 134, 137, 144, 145, 149, 153, 157, 159, 160, 161, 171, 172, 176, 181, 182, 187, 190, 195, 197, 198
88: 15, 23, 31, 42, 70, 88, 97, 110, 146, 164, 174, 183, 192
89: 89, 164
90: 16, 28, 69, 90, 119, 147, 154, 157, 171, 188
91: 1, 3, 4, 5, 7, 12, 13, 16, 17, 21, 26, 28, 30, 36, 37, 56, 57, 67, 87, 91, 93, 95, 118, 132, 137, 144, 147, 149, 157, 160, 161, 171, 172, 181, 187, 188, 192, 197
92: 1, 3, 4, 7, 12, 13, 17, 21, 22, 26, 27, 30, 36, 37, 40, 41, 42, 43, 48, 49, 56, 57, 67, 87, 92, 93, 95, 104, 105, 106, 115, 118, 124, 132, 137, 140, 144, 145, 149, 159, 161, 166, 172, 176, 181, 182, 190, 192, 196, 197
93: 1, 3, 7, 12, 13, 17, 18, 21, 26, 37, 40, 43, 48, 49, 56, 57, 67, 72, 87, 91, 92, 93, 95, 104, 116, 118, 119, 124, 129, 132, 137, 144, 145, 149, 153, 159, 160, 161, 171, 172, 175, 176, 181, 187, 190, 195, 197
94: 6, 7, 12, 14, 16, 17, 21, 22, 28, 31, 33, 48, 56, 67, 87, 94, 95, 105, 107, 119, 123, 132, 134, 137, 140, 144, 147, 157, 159, 184, 187, 188, 192, 193, 196, 197
95: 1, 3, 7, 10, 12, 13, 17, 21, 24, 26, 30, 37, 40, 43, 48, 49, 56, 57, 64, 67, 85, 86, 87, 91, 92, 93, 94, 95, 104, 114, 118, 119, 123, 124, 126, 127, 129, 132, 134, 137, 144, 145, 148, 149, 153, 159, 160, 161, 172, 175, 176, 181, 182, 187, 190, 197, 198
96: 0, 2, 32, 44, 51, 54, 73, 79, 82, 96, 106, 117, 131, 142, 143, 173, 199
97: 2, 15, 55, 76, 88, 97, 105, 110, 133, 146, 183
98: 32, 42, 44, 45, 63, 98, 106, 112, 117, 130, 139, 178
99: 31, 32, 36, 66, 77, 99, 103, 136, 154, 165, 192
100: 100
101: 3, 12, 21, 37, 54, 61, 64, 78, 79, 86, 101, 106, 116, 126, 127, 129, 159, 161, 169, 190
102: 33, 102, 142, 194
103: 2, 4, 30, 31, 36, 60, 77, 99, 103, 136, 164, 165, 179, 192
104: 1, 3, 4, 7, 12, 13, 17, 21, 22, 26, 27, 30, 31, 34, 36, 37, 41, 42, 43, 48, 49, 56, 57, 67, 87, 92, 93, 95, 104, 105, 110, 118, 124, 132, 137, 140, 144, 145, 149, 159, 161, 166, 172, 176, 181, 182, 192, 196, 197
105: 2, 4, 9, 22, 27, 30, 31, 49, 51, 67, 92, 94, 97, 104, 105, 107, 121, 124, 132, 140, 158, 166, 182, 192, 196
106: 13, 32, 44, 47, 53, 64, 85, 92, 96, 98, 101, 106, 115, 116, 126, 129, 131, 138, 139, 143, 178, 190
107: 6, 22, 31, 33, 69, 94, 105, 107, 113, 121, 140, 158, 166, 182, 184, 192, 196
108: 10, 19, 20, 37, 72, 108, 111, 114, 123, 153
109: 109
110: 4, 24, 30, 32, 34, 41, 42, 55, 63, 71, 76, 88, 97, 104, 110, 115, 124, 134, 146, 150, 162, 164, 177, 182, 183, 198
111: 19, 20, 108, 111, 114, 123
112: 64, 73, 98, 112, 122, 126, 128, 130, 195
113: 22, 33, 107, 113, 121, 194, 196
114: 12, 17, 37, 48, 72, 87, 95, 108, 111, 114, 132, 145
115: 13, 21, 32, 42, 49, 63, 92, 106, 110, 115, 176, 177, 198
116: 7, 14, 18, 32, 39, 58, 61, 62, 64, 68, 85, 86, 93, 101, 106, 116, 118, 126, 129, 134, 138, 144, 148, 149, 168, 169, 178, 185, 190, 193
117: 32, 38, 44, 45, 66, 82, 96, 98, 117, 131, 152, 170, 173, 178
118: 1, 3, 7, 10, 12, 13, 17, 18, 21, 24, 26, 37, 40, 43, 48, 49, 56, 57, 64, 67, 72, 87, 91, 92, 93, 95, 104, 116, 118, 119, 124, 129, 132, 137, 144, 145, 149, 153, 159, 160, 161, 166, 171, 172, 175, 176, 181, 187, 190, 195, 197
119: 6, 12, 16, 17, 21, 26, 28, 30, 37, 48, 49, 56, 57, 67, 69, 87, 90, 93, 94, 95, 118, 119, 132, 137, 144, 145, 147, 149, 157, 158, 159, 166, 169, 171, 172, 181, 184, 188
120: 44, 50, 52, 53, 120
121: 6, 22, 33, 105, 107, 113, 121, 140, 158, 166, 194
122: 1, 39, 45, 60, 64, 71, 73, 81, 86, 112, 122, 126, 128, 129, 190, 198
123: 3, 7, 10, 12, 17, 19, 20, 21, 34, 35, 37, 41, 48, 67, 87, 94, 95, 108, 111, 123, 132, 137, 145, 153, 159
124: 1, 3, 4, 7, 12, 13, 17, 22, 26, 27, 30, 34, 36, 37, 40, 43, 48, 49, 56, 57, 63, 67, 87, 92, 93, 95, 104, 105, 110, 118, 124, 132, 137, 140, 144, 145, 149, 161, 166, 172, 176, 181, 182, 197
125: 78, 125
126: 1, 12, 17, 21, 24, 39, 44, 46, 54, 57, 60, 62, 64, 71, 73, 81, 85, 86, 95, 101, 106, 112, 116, 122, 126, 128, 129, 130, 190, 195, 198
127: 14, 39, 54, 64, 67, 68, 85, 95, 101, 127, 129, 132, 137, 145, 148, 159, 169, 190, 193
128: 62, 64, 73, 86, 112, 122, 126, 128, 129, 130, 190
129: 1, 3, 7, 12, 13, 17, 21, 26, 32, 37, 57, 64, 68, 85, 86, 87, 93, 95, 101, 106, 116, 118, 122, 126, 127, 128, 129, 137, 138, 144, 145, 148, 149, 159, 160, 161, 172, 178, 181, 190, 195, 198
130: 44, 47, 50, 98, 112, 126, 128, 130, 173
131: 2, 32, 44, 51, 58, 82, 96, 106, 117, 131, 143, 152, 173, 199
132: 1, 3, 6, 7, 12, 14, 16, 17, 21, 26, 28, 30, 37, 40, 48, 49, 56, 57, 67, 87, 91, 92, 93, 94, 95, 104, 105, 114, 118, 119, 123, 124, 127, 132, 134, 137, 140, 144, 145, 147, 149, 157, 159, 160, 161, 166, 169, 171, 172, 181, 184, 187, 188, 190, 197
133: 42, 63, 97, 133, 146
134: 1, 5, 12, 17, 18, 24, 46, 55, 68, 70, 71, 85, 87, 94, 95, 110, 116, 132, 134, 137, 138, 144, 146, 148, 162, 174, 198
135: 135
136: 66, 69, 77, 99, 103, 136, 142, 154, 165, 192
137: 1, 3, 7, 10, 12, 13, 17, 21, 24, 26, 30, 37, 39, 40, 48, 54, 56, 57, 67, 87, 91, 92, 93, 94, 95, 104, 118, 119, 123, 124, 127, 129, 132, 134, 137, 144, 145, 149, 153, 159, 160, 161, 172, 175, 176, 181, 182, 184, 187, 190, 197
138: 14, 68, 81, 85, 106, 116, 129, 134, 138, 148, 190
139: 32, 39, 44, 47, 53, 86, 98, 106, 139, 143, 178, 190
140: 9, 22, 30, 31, 51, 67, 69, 92, 94, 104, 105, 107, 121, 124, 132, 140, 166, 182, 192, 196
141: 8, 29, 141
142: 22, 51, 76, 77, 96, 102, 136, 142, 163, 165, 179, 194, 196, 199
143: 39, 51, 96, 106, 131, 139, 143, 165
144: 1, 3, 7, 12, 13, 17, 21, 24, 26, 37, 40, 43, 48, 56, 57, 67, 87, 91, 92, 93, 94, 95, 104, 116, 118, 119, 124, 129, 132, 134, 137, 144, 145, 149, 153, 159, 160, 161, 171, 172, 175, 181, 187, 197
145: 1, 3, 7, 10, 12, 13, 17, 21, 24, 26, 37, 40, 43, 48, 49, 56, 57, 64, 67, 87, 92, 93, 95, 104, 114, 118, 119, 123, 124, 127, 129, 132, 137, 144, 145, 149, 153, 159, 160, 161, 172, 175, 176, 181, 184, 187, 190, 197
146: 15, 24, 42, 55, 63, 88, 97, 110, 133, 134, 146, 150, 162, 164, 177, 180, 183
147: 6, 8, 16, 28, 29, 31, 33, 56, 67, 69, 90, 91, 94, 119, 132, 147, 157, 158, 171, 184, 188, 192, 197
148: 1, 14, 60, 64, 68, 85, 95, 116, 127, 129, 134, 138, 148, 168, 190, 193
149: 1, 3, 7, 10, 12, 13, 17, 18, 21, 26, 37, 40, 43, 48, 49, 56, 57, 67, 72, 87, 91, 92, 93, 95, 104, 116, 118, 119, 124, 129, 132, 137, 144, 145, 149, 153, 159, 160, 161, 171, 172, 175, 176, 181, 187, 190, 197
150: 34, 110, 146, 150
151: 151
152: 2, 117, 131, 152, 199
153: 3, 7, 10, 12, 17, 19, 20, 26, 35, 37, 40, 41, 48, 57, 87, 93, 95, 108, 118, 123, 137, 144, 145, 149, 153, 160, 161, 172, 181, 187, 190, 195
154: 4, 16, 22, 28, 30, 31, 36, 49, 69, 90, 99, 136, 154, 157, 158, 171, 182, 192
155: 78, 155
156: 54, 73, 156, 173
157: 4, 8, 11, 16, 17, 21, 22, 28, 30, 31, 56, 57, 67, 69, 79, 87, 90, 91, 94, 119, 132, 147, 154, 157, 158, 159, 171, 172, 181, 182, 184, 188, 192, 197
158: 4, 8, 16, 22, 28, 30, 31, 36, 69, 74, 77, 105, 107, 119, 121, 147, 154, 157, 158, 165, 166, 182, 184, 188, 192
159: 1, 3, 7, 12, 13, 16, 17, 21, 26, 30, 37, 48, 49, 54, 56, 57, 67, 87, 92, 93, 94, 95, 101, 104, 118, 119, 123, 127, 129, 132, 137, 144, 145, 149, 157, 159, 161, 171, 172, 176, 181, 184, 190, 197
160: 1, 3, 7, 12, 13, 17, 21, 26, 37, 40, 43, 48, 56, 57, 72, 87, 91, 93, 95, 118, 129, 132, 137, 144, 145, 149, 153, 160, 161, 171, 172, 175, 176, 181, 187, 197
161: 1, 3, 7, 10, 12, 13, 17, 21, 24, 26, 30, 37, 40, 43, 46, 48, 56, 57, 64, 67, 72, 86, 87, 91, 92, 93, 95, 101, 104, 118, 124, 129, 132, 137, 144, 145, 149, 153, 159, 160, 161, 171, 172, 176, 181, 182, 187, 188, 190, 195, 197, 198
162: 18, 24, 42, 46, 55, 63, 70, 71, 110, 134, 146, 162, 180, 183, 195, 198
163: 142, 163, 194
164: 4, 5, 23, 31, 36, 76, 88, 89, 103, 110, 146, 164, 165, 192
165: 4, 30, 31, 32, 36, 38, 66, 77, 99, 103, 136, 142, 143, 158, 164, 165, 179, 182, 192
166: 13, 21, 22, 30, 36, 43, 49, 67, 69, 92, 104, 105, 107, 118, 119, 121, 124, 132, 140, 158, 166, 176, 177, 182, 184, 188, 192
167: 29, 35, 167
168: 39, 62, 68, 85, 116, 148, 168
169: 14, 64, 79, 101, 116, 119, 127, 132, 169, 184, 190
170: 0, 45, 75, 117, 170, 173
171: 4, 5, 7, 12, 13, 16, 17, 21, 26, 28, 31, 36, 37, 48, 56, 57, 67, 69, 87, 90, 91, 93, 118, 119, 132, 144, 147, 149, 154, 157, 159, 160, 161, 171, 172, 174, 181, 188, 192, 197
172: 1, 3, 7, 10, 12, 13, 17, 21, 26, 30, 37, 40, 43, 48, 49, 56, 57, 64, 67, 72, 86, 87, 91, 92, 93, 95, 104, 118, 119, 124, 129, 132, 137, 144, 145, 149, 153, 157, 159, 160, 161, 171, 172, 175, 176, 181, 182, 187, 190, 195, 197, 198
173: 0, 44, 73, 96, 117, 130, 131, 156, 170, 173
174: 5, 24, 46, 55, 70, 71, 88, 134, 171, 174, 188, 195, 197, 198
175: 1, 3, 7, 12, 17, 37, 48, 57, 93, 95, 118, 137, 144, 145, 149, 160, 172, 175, 181
176: 1, 3, 4, 7, 12, 13, 17, 21, 26, 30, 36, 37, 41, 42, 43, 48, 49, 56, 57, 87, 92, 93, 95, 104, 115, 118, 124, 137, 145, 149, 159, 160, 161, 166, 172, 176, 178, 181, 182, 190, 192, 197
177: 15, 25, 42, 63, 110, 115, 146, 166, 177, 180, 183
178: 13, 32, 43, 44, 45, 47, 53, 66, 86, 98, 106, 116, 117, 129, 139, 176, 178
179: 2, 51, 76, 103, 142, 165, 179, 194, 196
180: 15, 23, 75, 146, 162, 177, 180, 183
181: 1, 3, 7, 10, 12, 13, 16, 17, 21, 24, 26, 30, 37, 40, 43, 48, 49, 56, 57, 64, 67, 72, 86, 87, 91, 92, 93, 95, 104, 118, 119, 124, 129, 132, 137, 144, 145, 149, 153, 157, 159, 160, 161, 171, 172, 175, 176, 181, 182, 187, 188, 190, 195, 197, 198
182: 4, 12, 13, 17, 22, 27, 30, 31, 32, 34, 36, 37, 41, 43, 49, 56, 57, 67, 69, 80, 87, 92, 95, 104, 105, 107, 110, 124, 137, 140, 154, 157, 158, 161, 165, 166, 172, 176, 181, 182, 187, 192, 196
183: 15, 23, 42, 63, 88, 97, 110, 146, 162, 177, 180, 183
184: 6, 14, 16, 21, 28, 33, 37, 48, 56, 67, 94, 107, 119, 132, 137, 145, 147, 157, 158, 159, 166, 169, 184, 187
185: 51, 58, 116, 185, 193
186: 82, 186
187: 1, 3, 7, 12, 13, 17, 26, 37, 40, 48, 56, 57, 67, 72, 87, 91, 93, 94, 95, 118, 132, 137, 144, 145, 149, 153, 160, 161, 172, 181, 182, 184, 187, 197
188: 6, 8, 16, 17, 21, 28, 29, 31, 35, 36, 56, 57, 67, 69, 90, 91, 94, 119, 132, 147, 157, 158, 161, 166, 171, 174, 181, 188, 192, 197
189: 189
190: 1, 3, 7, 10, 12, 17, 21, 24, 32, 37, 39, 44, 48, 54, 56, 57, 62, 64, 68, 73, 79, 85, 86, 87, 92, 93, 95, 101, 106, 116, 118, 122, 126, 127, 128, 129, 132, 137, 138, 139, 145, 148, 149, 153, 159, 161, 169, 172, 176, 181, 190, 198
191: 191
192: 4, 13, 16, 22, 28, 30, 31, 36, 49, 56, 67, 69, 74, 77, 80, 88, 91, 92, 94, 99, 103, 104, 105, 107, 136, 140, 147, 154, 157, 158, 164, 165, 166, 171, 176, 182, 188, 192, 196, 197
193: 14, 51, 68, 85, 94, 116, 127, 148, 185, 193
194: 66, 102, 113, 121, 142, 163, 179, 194
195: 3, 5, 7, 12, 18, 24, 26, 37, 42, 46, 57, 63, 64, 70, 71, 83, 87, 93, 112, 118, 126, 129, 153, 161, 162, 172, 174, 181, 195, 198
196: 4, 22, 30, 31, 33, 76, 92, 94, 104, 105, 107, 113, 140, 142, 179, 182, 192, 196
197: 1, 3, 4, 5, 7, 12, 13, 16, 17, 21, 26, 28, 30, 31, 36, 37, 48, 56, 57, 60, 64, 67, 70, 87, 91, 92, 93, 94, 95, 104, 118, 124, 132, 137, 144, 145, 147, 149, 157, 159, 160, 161, 171, 172, 174, 176, 181, 187, 188, 192, 197
198: 1, 5, 10, 12, 17, 18, 21, 24, 37, 42, 46, 55, 57, 63, 64, 70, 71, 86, 87, 95, 110, 115, 122, 126, 129, 134, 161, 162, 172, 174, 181, 190, 195, 198
199: 2, 51, 96, 131, 142, 152, 199
edgeCount: 4216
